0,2148,0,2100
0,2148,0,2100
0,2148,0,2100
1,2147,1,2099
3,2147,2,2099
6,2147,3,2099
10,2147,6,2099
16,2147,9,2099
24,2146,14,2098
35,2146,20,2098
49,2146,28,2098
67,2146,38,2098
88,2146,51,2098
115,2145,66,2097
146,2145,84,2097
182,2145,105,2097
223,2145,129,2097
269,2145,156,2097
320,2144,185,2096
376,2144,218,2096
435,2144,252,2096
498,2144,288,2096
564,2144,326,2096
632,2144,365,2096
701,2143,405,2095
771,2143,445,2095
840,2143,485,2095
908,2143,524,2095
974,2143,561,2095
1037,2142,598,2094
1097,2142,632,2094
1152,2142,664,2094
1203,2142,694,2094
1250,2142,722,2094
1292,2141,748,2093
1329,2141,771,2093
1362,2141,793,2093
1391,2141,813,2093
1415,2141,831,2093
1436,2140,848,2092
1454,2140,865,2092
1470,2140,881,2092
1484,2140,897,2092
1496,2140,914,2092
1507,2140,931,2092
1518,2139,950,2091
1529,2139,969,2091
1539,2139,990,2091
1550,2139,1012,2091
1562,2139,1036,2091
1574,2138,1061,2090
1587,2138,1088,2090
1600,2138,1116,2090
1614,2138,1145,2090
1629,2138,1176,2090
1644,2138,1207,2090
1660,2137,1240,2089
1676,2137,1273,2089
1692,2137,1306,2089
1708,2137,1341,2089
1725,2137,1375,2089
1742,2137,1410,2089
1758,2136,1445,2088
1775,2136,1481,2088
1792,2136,1516,2088
1809,2136,1552,2088
1826,2136,1587,2088
1844,2135,1623,2087
1861,2135,1658,2087
1878,2135,1694,2087
1895,2135,1729,2087
1912,2135,1764,2087
1928,2135,1800,2087
1945,2134,1835,2086
1962,2134,1870,2086
1979,2134,1905,2086
1996,2134,1940,2086
2013,2134,1975,2086
2029,2134,2010,2086
2046,2133,2045,2085
2063,2133,2079,2085
2080,2133,2114,2085
2096,2133,2149,2085
2113,2133,2184,2085
2129,2133,2218,2085
2146,2132,2253,2084
2163,2132,2287,2084
2179,2132,2322,2084
2196,2132,2357,2084
2212,2132,2391,2084
2229,2132,2426,2084
2246,2131,2460,2083
2262,2131,2495,2083
2279,2131,2530,2083
2296,2131,2564,2083
2312,2131,2599,2083
2329,2131,2634,2083
2346,2130,2669,2082
2363,2130,2704,2082
2379,2130,2739,2082
2396,2130,2774,2082
2413,2130,2809,2082
2430,2130,2844,2082
2447,2129,2879,2081
2463,2129,2914,2081
2480,2129,2948,2081
2496,2129,2982,2081
2512,2129,3015,2081
2528,2129,3048,2081
2543,2128,3080,2080
2558,2128,3111,2080
2572,2128,3141,2080
2586,2128,3169,2080
2599,2128,3197,2080
2611,2128,3222,2080
2623,2127,3247,2079
2634,2127,3269,2079
2644,2127,3290,2079
2653,2127,3308,2079
2661,2127,3325,2079
2668,2127,3340,2079
2674,2127,3353,2079
2679,2126,3364,2078
2684,2126,3373,2078
2687,2126,3381,2078
2690,2126,3387,2078
2692,2126,3391,2078
2694,2126,3394,2078
2694,2125,3395,2077
2695,2125,3396,2077
2694,2125,3395,2077
2694,2125,3394,2077
2693,2125,3392,2077
2691,2125,3389,2077
2690,2124,3386,2076
2688,2124,3382,2076
2686,2124,3379,2076
2685,2124,3375,2076
2683,2124,3371,2076
2681,2124,3366,2076
2679,2124,3362,2076
2677,2123,3358,2075
2675,2123,3354,2075
2673,2123,3350,2075
2671,2123,3345,2075
2669,2123,3341,2075
2667,2123,3337,2075
2665,2123,3333,2075
2663,2122,3329,2074
2661,2122,3325,2074
2659,2122,3321,2074
2657,2122,3316,2074
2655,2122,3312,2074
2653,2122,3308,2074
2651,2121,3304,2073
2649,2121,3300,2073
2647,2121,3296,2073
2645,2121,3292,2073
2643,2121,3288,2073
2641,2121,3284,2073
2639,2121,3281,2073
2638,2120,3277,2072
2636,2120,3273,2072
2634,2120,3270,2072
2633,2120,3267,2072
2631,2120,3264,2072
2630,2120,3261,2072
2629,2120,3258,2072
2627,2119,3255,2071
2626,2119,3253,2071
2625,2119,3251,2071
2624,2119,3249,2071
2623,2119,3247,2071
2622,2119,3245,2071
2621,2119,3243,2071
2620,2118,3241,2070
2620,2118,3240,2070
2619,2118,3238,2070
2618,2118,3237,2070
2618,2118,3236,2070
2617,2118,3235,2070
2617,2118,3234,2070
2616,2117,3233,2069
2616,2117,3232,2069
2615,2117,3231,2069
2615,2117,3230,2069
2615,2117,3229,2069
2614,2117,3228,2069
2614,2117,3227,2069
2613,2117,3227,2069
2613,2116,3226,2068
2613,2116,3225,2068
2612,2116,3225,2068
2612,2116,3224,2068
2612,2116,3224,2068
2612,2116,3223,2068
2612,2116,3223,2068
2611,2115,3223,2067
2611,2115,3222,2067
2611,2115,3222,2067
2611,2115,3222,2067
2612,2115,3223,2067
2612,2115,3223,2067
2612,2115,3223,2067
2612,2114,3224,2066
2612,2114,3224,2066
2613,2114,3225,2066
2613,2114,3226,2066
2614,2114,3227,2066
2614,2114,3228,2066
2615,2114,3230,2066
2616,2114,3231,2066
2616,2113,3232,2065
2617,2113,3234,2065
2618,2113,3235,2065
2618,2113,3237,2065
2619,2113,3238,2065
2620,2113,3239,2065
2620,2113,3240,2065
2620,2113,3241,2065
2620,2112,3241,2064
2620,2112,3240,2064
2619,2112,3239,2064
2618,2112,3236,2064
2616,2112,3233,2064
2614,2112,3228,2064
2611,2112,3222,2064
2608,2112,3215,2064
2604,2111,3206,2063
2598,2111,3195,2063
2593,2111,3183,2063
2586,2111,3169,2063
2578,2111,3153,2063
2570,2111,3135,2063
2560,2111,3115,2063
2550,2111,3094,2063
2539,2110,3071,2062
2527,2110,3046,2062
2514,2110,3020,2062
2501,2110,2992,2062
2487,2110,2963,2062
2473,2110,2933,2062
2458,2110,2902,2062
2442,2110,2870,2062
2427,2109,2837,2061
2411,2109,2804,2061
2394,2109,2770,2061
2378,2109,2736,2061
2362,2109,2702,2061
2345,2109,2667,2061
2328,2109,2632,2061
2312,2109,2598,2061
2295,2108,2563,2060
2278,2108,2528,2060
2262,2108,2494,2060
2245,2108,2459,2060
2229,2108,2425,2060
2212,2108,2390,2060
2196,2108,2356,2060
2179,2108,2321,2060
2162,2107,2287,2059
2146,2107,2252,2059
2129,2107,2217,2059
2113,2107,2183,2059
2096,2107,2148,2059
2079,2107,2113,2059
2062,2107,2078,2059
2045,2107,2043,2059
2029,2107,2008,2059
2012,2106,1973,2058
1994,2106,1937,2058
1977,2106,1901,2058
1960,2106,1865,2058
1943,2106,1829,2058
1925,2106,1793,2058
1908,2106,1757,2058
1891,2106,1721,2058
1873,2105,1685,2057
1856,2105,1648,2057
1838,2105,1612,2057
1821,2105,1575,2057
1803,2105,1539,2057
1786,2105,1502,2057
1768,2105,1466,2057
1751,2105,1430,2057
1733,2105,1393,2057
1716,2104,1357,2056
1699,2104,1322,2056
1682,2104,1286,2056
1665,2104,1251,2056
1648,2104,1216,2056
1632,2104,1182,2056
1616,2104,1148,2056
1600,2104,1114,2056
1584,2104,1082,2056
1569,2103,1050,2055
1554,2103,1019,2055
1539,2103,989,2055
1525,2103,960,2055
1512,2103,932,2055
1499,2103,905,2055
1487,2103,880,2055
1476,2103,856,2055
1465,2103,834,2055
1455,2102,813,2054
1446,2102,794,2054
1437,2102,777,2054
1430,2102,761,2054
1423,2102,747,2054
1417,2102,735,2054
1412,2102,724,2054
1408,2102,715,2054
1404,2102,708,2054
1402,2101,702,2053
1400,2101,698,2053
1398,2101,695,2053
1397,2101,693,2053
1397,2101,693,2053
1397,2101,693,2053
1398,2101,694,2053
1399,2101,697,2053
1400,2101,700,2053
1402,2101,703,2053
1404,2100,707,2052
1406,2100,712,2052
1408,2100,716,2052
1411,2100,721,2052
1413,2100,726,2052
1416,2100,731,2052
1418,2100,737,2052
1421,2100,742,2052
1423,2100,747,2052
1426,2099,753,2051
1428,2099,758,2051
1431,2099,763,2051
1433,2099,768,2051
1436,2099,773,2051
1438,2099,777,2051
1440,2099,782,2051
1442,2099,787,2051
1445,2099,791,2051
1447,2099,796,2051
1449,2098,800,2050
1451,2098,804,2050
1453,2098,808,2050
1455,2098,812,2050
1457,2098,816,2050
1458,2098,820,2050
1460,2098,824,2050
1462,2098,827,2050
1463,2098,831,2050
1465,2098,834,2050
1466,2097,837,2049
1468,2097,840,2049
1469,2097,843,2049
1470,2097,845,2049
1472,2097,848,2049
1473,2097,850,2049
1474,2097,852,2049
1475,2097,854,2049
1475,2097,855,2049
1476,2097,857,2049
1477,2096,858,2048
1477,2096,859,2048
1478,2096,860,2048
1478,2096,861,2048
1478,2096,862,2048
1479,2096,862,2048
1479,2096,863,2048
1479,2096,864,2048
1479,2096,864,2048
1480,2096,865,2048
1480,2096,865,2048
1480,2095,866,2047
1481,2095,866,2047
1481,2095,867,2047
1481,2095,868,2047
1482,2095,868,2047
1482,2095,869,2047
1482,2095,870,2047
1483,2095,871,2047
1483,2095,872,2047
1484,2095,873,2047
1484,2094,874,2046
1485,2094,875,2046
1485,2094,875,2046
1485,2094,876,2046
1485,2094,877,2046
1486,2094,877,2046
1486,2094,877,2046
1486,2094,877,2046
1486,2094,877,2046
1485,2094,876,2046
1485,2094,876,2046
1485,2093,875,2045
1484,2093,873,2045
1483,2093,872,2045
1482,2093,870,2045
1482,2093,868,2045
1481,2093,867,2045
1480,2093,865,2045
1479,2093,863,2045
1478,2093,861,2045
1477,2093,859,2045
1476,2093,857,2045
1476,2092,856,2044
1475,2092,855,2044
1475,2092,854,2044
1475,2092,855,2044
1475,2092,855,2044
1476,2092,857,2044
1478,2092,860,2044
1480,2092,864,2044
1482,2092,870,2044
1485,2092,876,2044
1489,2092,884,2044
1494,2092,894,2044
1500,2091,906,2043
1506,2091,919,2043
1513,2091,934,2043
1521,2091,951,2043
1530,2091,969,2043
1540,2091,990,2043
1550,2091,1012,2043
1562,2091,1035,2043
1574,2091,1061,2043
1587,2091,1087,2043
1600,2091,1116,2043
1614,2090,1145,2042
1629,2090,1176,2042
1644,2090,1207,2042
1660,2090,1239,2042
1675,2090,1272,2042
1692,2090,1306,2042
1708,2090,1340,2042
1724,2090,1374,2042
1741,2090,1409,2042
1758,2090,1444,2042
1774,2090,1479,2042
1791,2090,1514,2042
1808,2089,1549,2041
1825,2089,1583,2041
1841,2089,1618,2041
1858,2089,1653,2041
1875,2089,1688,2041
1891,2089,1722,2041
1908,2089,1757,2041
1925,2089,1792,2041
1941,2089,1826,2041
1958,2089,1861,2041
1974,2089,1895,2041
1991,2089,1930,2041
2008,2088,1964,2040
2024,2088,1999,2040
2041,2088,2034,2040
2058,2088,2068,2040
2074,2088,2103,2040
2091,2088,2138,2040
2108,2088,2173,2040
2124,2088,2207,2040
2141,2088,2242,2040
2158,2088,2277,2040
2175,2088,2312,2040
2191,2088,2347,2040
2208,2088,2382,2040
2225,2087,2417,2039
2242,2087,2452,2039
2259,2087,2488,2039
2276,2087,2523,2039
2293,2087,2558,2039
2310,2087,2593,2039
2327,2087,2629,2039
2344,2087,2664,2039
2361,2087,2700,2039
2378,2087,2735,2039
2395,2087,2771,2039
2412,2087,2806,2039
2429,2087,2841,2039
2445,2086,2877,2038
2462,2086,2912,2038
2479,2086,2946,2038
2495,2086,2980,2038
2511,2086,3014,2038
2527,2086,3047,2038
2543,2086,3079,2038
2558,2086,3111,2038
2572,2086,3141,2038
2586,2086,3170,2038
2600,2086,3198,2038
2612,2086,3224,2038
2624,2086,3249,2038
2635,2085,3272,2037
2645,2085,3293,2037
2655,2085,3313,2037
2663,2085,3330,2037
2671,2085,3346,2037
2677,2085,3359,2037
2683,2085,3371,2037
2688,2085,3381,2037
2691,2085,3389,2037
2694,2085,3396,2037
2697,2085,3400,2037
2698,2085,3404,2037
2699,2085,3406,2037
2700,2084,3406,2036
2699,2084,3406,2036
2699,2084,3405,2036
2698,2084,3403,2036
2697,2084,3400,2036
2695,2084,3397,2036
2693,2084,3393,2036
2691,2084,3389,2036
2689,2084,3385,2036
2687,2084,3380,2036
2685,2084,3376,2036
2683,2084,3371,2036
2681,2084,3366,2036
2678,2084,3362,2036
2676,2083,3357,2035
2674,2083,3352,2035
2671,2083,3347,2035
2669,2083,3342,2035
2667,2083,3337,2035
2664,2083,3333,2035
2662,2083,3328,2035
2660,2083,3323,2035
2657,2083,3318,2035
2655,2083,3313,2035
2653,2083,3308,2035
2650,2083,3303,2035
2648,2083,3298,2035
2646,2083,3294,2035
2643,2083,3289,2035
2641,2082,3284,2034
2639,2082,3280,2034
2637,2082,3276,2034
2635,2082,3272,2034
2633,2082,3268,2034
2632,2082,3264,2034
2630,2082,3261,2034
2628,2082,3258,2034
2627,2082,3255,2034
2626,2082,3252,2034
2625,2082,3250,2034
2623,2082,3247,2034
2622,2082,3245,2034
2622,2082,3243,2034
2621,2081,3242,2033
2620,2081,3240,2033
2619,2081,3239,2033
2619,2081,3237,2033
2618,2081,3236,2033
2618,2081,3235,2033
2617,2081,3234,2033
2617,2081,3233,2033
2616,2081,3232,2033
2616,2081,3231,2033
2615,2081,3230,2033
2615,2081,3229,2033
2614,2081,3228,2033
2614,2081,3227,2033
2613,2081,3227,2033
2613,2080,3226,2032
2613,2080,3225,2032
2612,2080,3224,2032
2612,2080,3223,2032
2611,2080,3222,2032
2611,2080,3222,2032
2611,2080,3221,2032
2611,2080,3220,2032
2610,2080,3220,2032
2610,2080,3220,2032
2610,2080,3220,2032
2611,2080,3220,2032
2611,2080,3221,2032
2611,2080,3221,2032
2612,2080,3222,2032
2612,2080,3224,2032
2613,2079,3225,2031
2614,2079,3227,2031
2614,2079,3228,2031
2615,2079,3230,2031
2616,2079,3233,2031
2617,2079,3235,2031
2618,2079,3237,2031
2620,2079,3239,2031
2621,2079,3242,2031
2622,2079,3244,2031
2623,2079,3246,2031
2624,2079,3248,2031
2624,2079,3249,2031
2625,2079,3250,2031
2625,2079,3251,2031
2625,2079,3251,2031
2625,2078,3251,2030
2625,2078,3250,2030
2624,2078,3248,2030
2623,2078,3245,2030
2621,2078,3242,2030
2618,2078,3237,2030
2615,2078,3231,2030
2612,2078,3223,2030
2608,2078,3214,2030
2603,2078,3204,2030
2597,2078,3192,2030
2591,2078,3179,2030
2583,2078,3164,2030
2575,2078,3147,2030
2567,2078,3129,2030
2557,2078,3109,2030
2547,2078,3087,2030
2536,2077,3064,2029
2524,2077,3040,2029
2511,2077,3014,2029
2498,2077,2987,2029
2485,2077,2958,2029
2471,2077,2929,2029
2456,2077,2899,2029
2441,2077,2868,2029
2426,2077,2836,2029
2411,2077,2804,2029
2395,2077,2771,2029
2379,2077,2738,2029
2363,2077,2705,2029
2347,2077,2671,2029
2331,2077,2637,2029
2314,2077,2603,2029
2298,2077,2569,2029
2281,2076,2535,2028
2265,2076,2500,2028
2248,2076,2466,2028
2232,2076,2431,2028
2215,2076,2397,2028
2198,2076,2362,2028
2182,2076,2327,2028
2165,2076,2292,2028
2148,2076,2257,2028
2131,2076,2222,2028
2114,2076,2187,2028
2098,2076,2152,2028
2081,2076,2116,2028
2064,2076,2081,2028
2047,2076,2046,2028
2030,2076,2010,2028
2013,2076,1975,2028
1996,2076,1939,2028
1978,2075,1904,2027
1961,2075,1868,2027
1944,2075,1833,2027
1927,2075,1797,2027
1910,2075,1762,2027
1893,2075,1726,2027
1876,2075,1691,2027
1859,2075,1656,2027
1842,2075,1620,2027
1825,2075,1585,2027
1809,2075,1550,2027
1792,2075,1515,2027
1775,2075,1479,2027
1758,2075,1444,2027
1741,2075,1410,2027
1725,2075,1375,2027
1708,2075,1340,2027
1691,2075,1305,2027
1675,2075,1271,2027
1658,2074,1237,2026
1642,2074,1203,2026
1626,2074,1169,2026
1610,2074,1135,2026
1594,2074,1102,2026
1578,2074,1070,2026
1563,2074,1038,2026
1548,2074,1007,2026
1533,2074,977,2026
1519,2074,947,2026
1506,2074,919,2026
1493,2074,892,2026
1481,2074,867,2026
1469,2074,843,2026
1459,2074,821,2026
1449,2074,800,2026
1440,2074,782,2026
1432,2074,765,2026
1425,2074,750,2026
1418,2073,737,2025
1413,2073,726,2025
1409,2073,716,2025
1405,2073,709,2025
1402,2073,703,2025
1400,2073,699,2025
1399,2073,697,2025
1399,2073,696,2025
1399,2073,696,2025
1399,2073,697,2025
1400,2073,699,2025
1402,2073,702,2025
1404,2073,706,2025
1406,2073,710,2025
1408,2073,715,2025
1410,2073,720,2025
1413,2073,725,2025
1415,2073,730,2025
1418,2073,735,2025
1420,2073,741,2025
1423,2072,746,2024
1425,2072,751,2024
1428,2072,756,2024
1430,2072,761,2024
1432,2072,765,2024
1434,2072,770,2024
1436,2072,774,2024
1438,2072,779,2024
1440,2072,783,2024
1442,2072,786,2024
1444,2072,790,2024
1446,2072,794,2024
1447,2072,797,2024
1449,2072,801,2024
1451,2072,804,2024
1452,2072,807,2024
1454,2072,811,2024
1455,2072,814,2024
1457,2072,817,2024
1458,2072,820,2024
1460,2072,823,2024
1461,2071,826,2023
1462,2071,829,2023
1464,2071,832,2023
1465,2071,835,2023
1467,2071,837,2023
1468,2071,840,2023
1469,2071,843,2023
1470,2071,845,2023
1472,2071,848,2023
1473,2071,850,2023
1474,2071,853,2023
1475,2071,855,2023
1476,2071,857,2023
1477,2071,859,2023
1478,2071,862,2023
1479,2071,864,2023
1480,2071,866,2023
1481,2071,868,2023
1482,2071,870,2023
1483,2071,871,2023
1484,2071,873,2023
1485,2070,875,2022
1485,2070,876,2022
1486,2070,878,2022
1486,2070,879,2022
1487,2070,880,2022
1487,2070,881,2022
1488,2070,881,2022
1488,2070,882,2022
1488,2070,882,2022
1488,2070,883,2022
1488,2070,883,2022
1488,2070,883,2022
1488,2070,883,2022
1488,2070,882,2022
1488,2070,882,2022
1488,2070,881,2022
1487,2070,881,2022
1487,2070,880,2022
1486,2070,879,2022
1486,2070,878,2022
1485,2070,876,2022
1485,2070,875,2022
1484,2070,874,2022
1483,2069,872,2021
1483,2069,871,2021
1482,2069,869,2021
1481,2069,867,2021
1480,2069,865,2021
1479,2069,863,2021
1478,2069,862,2021
1477,2069,860,2021
1476,2069,858,2021
1476,2069,856,2021
1475,2069,855,2021
1474,2069,854,2021
1474,2069,853,2021
1474,2069,853,2021
1474,2069,853,2021
1474,2069,854,2021
1475,2069,856,2021
1477,2069,859,2021
1479,2069,863,2021
1481,2069,868,2021
1484,2069,874,2021
1488,2069,883,2021
1493,2069,892,2021
1498,2069,904,2021
1505,2068,917,2020
1512,2068,932,2020
1520,2068,949,2020
1529,2068,967,2020
1539,2068,988,2020
1549,2068,1010,2020
1561,2068,1034,2020
1573,2068,1059,2020
1586,2068,1086,2020
1600,2068,1115,2020
1614,2068,1144,2020
1629,2068,1175,2020
1644,2068,1207,2020
1660,2068,1239,2020
1676,2068,1273,2020
1692,2068,1307,2020
1708,2068,1341,2020
1725,2068,1375,2020
1742,2068,1410,2020
1758,2068,1445,2020
1775,2068,1480,2020
1792,2068,1515,2020
1809,2068,1550,2020
1826,2068,1585,2020
1842,2068,1620,2020
1859,2067,1655,2019
1876,2067,1689,2019
1892,2067,1724,2019
1909,2067,1758,2019
1925,2067,1793,2019
1942,2067,1827,2019
1958,2067,1862,2019
1975,2067,1896,2019
1991,2067,1931,2019
2008,2067,1965,2019
2025,2067,2000,2019
2041,2067,2034,2019
2058,2067,2069,2019
2074,2067,2104,2019
2091,2067,2139,2019
2108,2067,2174,2019
2125,2067,2209,2019
2142,2067,2244,2019
2159,2067,2279,2019
2176,2067,2314,2019
2192,2067,2350,2019
2209,2067,2385,2019
2226,2067,2420,2019
2244,2067,2456,2019
2261,2067,2491,2019
2278,2067,2527,2019
2295,2066,2563,2018
2312,2066,2598,2018
2329,2066,2634,2018
2346,2066,2669,2018
2363,2066,2705,2018
2380,2066,2741,2018
2397,2066,2776,2018
2414,2066,2812,2018
2431,2066,2847,2018
2448,2066,2883,2018
2465,2066,2918,2018
2482,2066,2953,2018
2498,2066,2987,2018
2515,2066,3021,2018
2531,2066,3054,2018
2546,2066,3086,2018
2561,2066,3117,2018
2576,2066,3148,2018
2589,2066,3176,2018
2603,2066,3204,2018
2615,2066,3230,2018
2627,2066,3254,2018
2637,2066,3276,2018
2647,2066,3297,2018
2656,2066,3315,2018
2664,2066,3331,2018
2671,2066,3346,2018
2677,2066,3358,2018
2682,2065,3369,2017
2686,2065,3377,2017
2689,2065,3384,2017
2691,2065,3389,2017
2693,2065,3393,2017
2694,2065,3395,2017
2695,2065,3396,2017
2695,2065,3396,2017
2694,2065,3395,2017
2693,2065,3393,2017
2692,2065,3390,2017
2691,2065,3387,2017
2689,2065,3384,2017
2687,2065,3380,2017
2685,2065,3376,2017
2683,2065,3372,2017
2681,2065,3367,2017
2679,2065,3363,2017
2677,2065,3358,2017
2674,2065,3353,2017
2672,2065,3348,2017
2670,2065,3344,2017
2667,2065,3339,2017
2665,2065,3334,2017
2663,2065,3329,2017
2661,2065,3325,2017
2658,2065,3320,2017
2656,2065,3316,2017
2654,2065,3311,2017
2652,2064,3307,2016
2650,2064,3303,2016
2649,2064,3300,2016
2647,2064,3296,2016
2645,2064,3293,2016
2644,2064,3290,2016
2642,2064,3287,2016
2641,2064,3284,2016
2640,2064,3282,2016
2639,2064,3279,2016
2638,2064,3277,2016
2637,2064,3275,2016
2635,2064,3272,2016
2634,2064,3270,2016
2633,2064,3268,2016
2632,2064,3266,2016
2631,2064,3263,2016
2630,2064,3260,2016
2628,2064,3258,2016
2627,2064,3255,2016
2626,2064,3252,2016
2624,2064,3249,2016
2623,2064,3246,2016
2621,2064,3242,2016
2619,2064,3239,2016
2618,2064,3236,2016
2616,2064,3233,2016
2615,2064,3230,2016
2613,2064,3227,2016
2612,2064,3224,2016
2611,2064,3221,2016
2610,2064,3219,2016
2609,2063,3217,2015
2608,2063,3215,2015
2607,2063,3214,2015
2607,2063,3213,2015
2607,2063,3212,2015
2606,2063,3212,2015
2606,2063,3212,2015
2606,2063,3212,2015
2607,2063,3212,2015
2607,2063,3213,2015
2607,2063,3214,2015
2608,2063,3215,2015
2608,2063,3216,2015
2609,2063,3217,2015
2610,2063,3218,2015
2610,2063,3220,2015
2611,2063,3221,2015
2611,2063,3222,2015
2612,2063,3223,2015
2612,2063,3224,2015
2613,2063,3226,2015
2613,2063,3227,2015
2614,2063,3227,2015
2614,2063,3228,2015
2615,2063,3229,2015
2615,2063,3230,2015
2616,2063,3231,2015
2616,2063,3232,2015
2616,2063,3232,2015
2617,2063,3233,2015
2617,2063,3234,2015
2617,2063,3235,2015
2618,2063,3235,2015
2618,2062,3236,2014
2618,2062,3236,2014
2618,2062,3236,2014
2618,2062,3235,2014
2617,2062,3235,2014
2617,2062,3233,2014
2616,2062,3231,2014
2614,2062,3228,2014
2612,2062,3224,2014
2610,2062,3218,2014
2606,2062,3212,2014
2603,2062,3204,2014
2598,2062,3194,2014
2593,2062,3183,2014
2587,2062,3171,2014
2580,2062,3156,2014
2572,2062,3140,2014
2563,2062,3122,2014
2554,2062,3102,2014
2544,2062,3081,2014
2533,2062,3058,2014
2521,2062,3033,2014
2508,2062,3007,2014
2495,2062,2980,2014
2481,2062,2951,2014
2467,2062,2921,2014
2452,2062,2890,2014
2437,2062,2859,2014
2421,2062,2826,2014
2405,2062,2793,2014
2389,2062,2759,2014
2373,2062,2725,2014
2356,2062,2691,2014
2340,2062,2657,2014
2323,2062,2622,2014
2306,2062,2587,2014
2290,2061,2552,2013
2273,2061,2517,2013
2256,2061,2482,2013
2240,2061,2448,2013
2223,2061,2413,2013
2206,2061,2378,2013
2190,2061,2344,2013
2173,2061,2309,2013
2157,2061,2275,2013
2140,2061,2240,2013
2124,2061,2206,2013
2107,2061,2172,2013
2091,2061,2137,2013
2074,2061,2103,2013
2058,2061,2069,2013
2041,2061,2034,2013
2025,2061,2000,2013
2008,2061,1965,2013
1991,2061,1931,2013
1975,2061,1896,2013
1958,2061,1861,2013
1941,2061,1826,2013
1924,2061,1791,2013
1908,2061,1756,2013
1891,2061,1721,2013
1874,2061,1686,2013
1857,2061,1651,2013
1840,2061,1615,2013
1823,2061,1580,2013
1806,2061,1545,2013
1789,2061,1509,2013
1772,2061,1474,2013
1755,2061,1439,2013
1738,2061,1404,2013
1721,2061,1368,2013
1705,2061,1333,2013
1688,2061,1298,2013
1671,2061,1263,2013
1654,2060,1229,2012
1638,2060,1194,2012
1622,2060,1160,2012
1605,2060,1126,2012
1589,2060,1093,2012
1574,2060,1060,2012
1558,2060,1028,2012
1543,2060,997,2012
1529,2060,967,2012
1515,2060,937,2012
1501,2060,909,2012
1488,2060,883,2012
1476,2060,858,2012
1465,2060,834,2012
1455,2060,812,2012
1445,2060,792,2012
1436,2060,774,2012
1428,2060,757,2012
1421,2060,743,2012
1415,2060,731,2012
1410,2060,720,2012
1406,2060,711,2012
1403,2060,705,2012
1400,2060,699,2012
1399,2060,696,2012
1398,2060,693,2012
1397,2060,692,2012
1397,2060,693,2012
1398,2060,694,2012
1399,2060,696,2012
1400,2060,698,2012
1402,2060,702,2012
1403,2060,705,2012
1405,2060,709,2012
1407,2060,714,2012
1409,2060,718,2012
1411,2060,722,2012
1413,2060,727,2012
1416,2060,731,2012
1418,2060,735,2012
1420,2060,739,2012
1421,2060,743,2012
1423,2059,747,2011
1425,2059,751,2011
1427,2059,754,2011
1428,2059,758,2011
1430,2059,761,2011
1432,2059,764,2011
1433,2059,768,2011
1435,2059,771,2011
1436,2059,774,2011
1437,2059,777,2011
1439,2059,779,2011
1440,2059,782,2011
1442,2059,785,2011
1443,2059,788,2011
1445,2059,792,2011
1446,2059,795,2011
1448,2059,798,2011
1449,2059,801,2011
1451,2059,805,2011
1453,2059,808,2011
1454,2059,811,2011
1456,2059,815,2011
1458,2059,818,2011
1459,2059,822,2011
1461,2059,826,2011
1463,2059,829,2011
1464,2059,832,2011
1466,2059,836,2011
1467,2059,839,2011
1469,2059,842,2011
1470,2059,845,2011
1472,2059,848,2011
1473,2059,850,2011
1474,2059,853,2011
1475,2059,855,2011
1476,2059,857,2011
1477,2059,859,2011
1478,2059,861,2011
1479,2059,862,2011
1479,2059,864,2011
1480,2059,865,2011
1481,2059,867,2011
1481,2059,868,2011
1482,2059,869,2011
1483,2059,871,2011
1483,2058,872,2010
1484,2058,873,2010
1484,2058,874,2010
1485,2058,875,2010
1485,2058,876,2010
1485,2058,876,2010
1486,2058,877,2010
1486,2058,877,2010
1486,2058,878,2010
1486,2058,878,2010
1486,2058,877,2010
1486,2058,877,2010
1485,2058,876,2010
1485,2058,876,2010
1484,2058,875,2010
1484,2058,874,2010
1483,2058,872,2010
1483,2058,871,2010
1482,2058,869,2010
1481,2058,868,2010
1480,2058,866,2010
1479,2058,864,2010
1478,2058,862,2010
1477,2058,860,2010
1477,2058,858,2010
1476,2058,857,2010
1475,2058,855,2010
1474,2058,854,2010
1474,2058,852,2010
1473,2058,852,2010
1473,2058,851,2010
1473,2058,852,2010
1474,2058,852,2010
1475,2058,854,2010
1476,2058,857,2010
1478,2058,860,2010
1480,2058,865,2010
1483,2058,871,2010
1487,2058,879,2010
1491,2058,888,2010
1496,2058,899,2010
1502,2058,911,2010
1509,2058,925,2010
1517,2058,941,2010
1525,2058,959,2010
1535,2058,979,2010
1545,2058,1001,2010
1556,2058,1024,2010
1568,2058,1049,2010
1581,2058,1075,2010
1594,2057,1103,2009
1608,2057,1133,2009
1623,2057,1163,2009
1638,2057,1195,2009
1654,2057,1228,2009
1670,2057,1261,2009
1687,2057,1296,2009
1703,2057,1331,2009
1720,2057,1366,2009
1738,2057,1402,2009
1755,2057,1438,2009
1773,2057,1475,2009
1790,2057,1511,2009
1808,2057,1548,2009
1825,2057,1584,2009
1843,2057,1621,2009
1860,2057,1658,2009
1878,2057,1694,2009
1895,2057,1730,2009
1913,2057,1767,2009
1930,2057,1803,2009
1947,2057,1838,2009
1964,2057,1874,2009
1981,2057,1909,2009
1998,2057,1945,2009
2015,2057,1980,2009
2032,2057,2015,2009
2048,2057,2050,2009
2065,2057,2084,2009
2082,2057,2119,2009
2098,2057,2153,2009
2115,2057,2188,2009
2132,2057,2223,2009
2148,2057,2257,2009
2165,2057,2292,2009
2181,2057,2326,2009
2198,2057,2361,2009
2215,2057,2396,2009
2232,2057,2431,2009
2248,2057,2466,2009
2265,2057,2501,2009
2282,2057,2537,2009
2299,2057,2572,2009
2316,2057,2607,2009
2333,2057,2643,2009
2350,2057,2678,2009
2367,2057,2714,2009
2384,2057,2749,2009
2401,2057,2785,2009
2418,2057,2820,2009
2435,2057,2855,2009
2452,2057,2889,2009
2468,2057,2924,2009
2484,2057,2957,2009
2500,2057,2991,2009
2516,2057,3023,2009
2531,2056,3055,2008
2546,2056,3086,2008
2560,2056,3116,2008
2574,2056,3145,2008
2588,2056,3173,2008
2600,2056,3199,2008
2612,2056,3224,2008
2623,2056,3247,2008
2634,2056,3269,2008
2643,2056,3289,2008
2652,2056,3307,2008
2660,2056,3324,2008
2667,2056,3338,2008
2673,2056,3351,2008
2679,2056,3362,2008
2683,2056,3371,2008
2687,2056,3379,2008
2690,2056,3385,2008
2692,2056,3390,2008
2693,2056,3393,2008
2694,2056,3395,2008
2695,2056,3396,2008
2695,2056,3395,2008
2694,2056,3394,2008
2693,2056,3393,2008
2692,2056,3390,2008
2691,2056,3388,2008
2689,2056,3385,2008
2688,2056,3381,2008
2686,2056,3377,2008
2684,2056,3374,2008
2682,2056,3370,2008
2680,2056,3366,2008
2678,2056,3361,2008
2676,2056,3357,2008
2674,2056,3353,2008
2672,2056,3349,2008
2670,2056,3344,2008
2668,2056,3340,2008
2666,2056,3335,2008
2664,2056,3331,2008
2661,2056,3327,2008
2659,2056,3322,2008
2657,2056,3318,2008
2655,2056,3313,2008
2653,2056,3309,2008
2651,2056,3304,2008
2649,2056,3300,2008
2647,2056,3296,2008
2645,2056,3292,2008
2643,2056,3288,2008
2641,2056,3284,2008
2639,2056,3280,2008
2637,2056,3277,2008
2636,2056,3273,2008
2634,2056,3270,2008
2633,2056,3267,2008
2631,2056,3264,2008
2630,2056,3261,2008
2629,2056,3259,2008
2628,2056,3256,2008
2626,2056,3254,2008
2625,2056,3252,2008
2624,2055,3249,2007
2623,2055,3247,2007
2622,2055,3245,2007
2621,2055,3243,2007
2620,2055,3241,2007
2620,2055,3239,2007
2619,2055,3238,2007
2618,2055,3236,2007
2617,2055,3234,2007
2616,2055,3233,2007
2616,2055,3231,2007
2615,2055,3230,2007
2614,2055,3228,2007
2614,2055,3227,2007
2613,2055,3226,2007
2613,2055,3225,2007
2612,2055,3224,2007
2612,2055,3223,2007
2611,2055,3222,2007
2611,2055,3221,2007
2611,2055,3221,2007
2610,2055,3221,2007
2610,2055,3220,2007
2610,2055,3220,2007
2610,2055,3220,2007
2610,2055,3220,2007
2610,2055,3221,2007
2611,2055,3221,2007
2611,2055,3222,2007
2611,2055,3222,2007
2612,2055,3223,2007
2612,2055,3224,2007
2613,2055,3226,2007
2614,2055,3227,2007
2614,2055,3229,2007
2615,2055,3231,2007
2616,2055,3233,2007
2617,2055,3235,2007
2618,2055,3237,2007
2619,2055,3239,2007
2621,2055,3241,2007
2622,2055,3244,2007
2623,2055,3246,2007
2624,2055,3248,2007
2625,2055,3250,2007
2625,2055,3252,2007
2626,2055,3253,2007
2627,2055,3254,2007
2627,2055,3254,2007
2627,2055,3254,2007
2626,2055,3253,2007
2625,2055,3251,2007
2624,2055,3248,2007
2622,2055,3244,2007
2619,2055,3238,2007
2616,2055,3231,2007
2612,2055,3223,2007
2607,2055,3213,2007
2601,2055,3202,2007
2595,2055,3188,2007
2588,2055,3174,2007
2580,2055,3157,2007
2571,2055,3139,2007
2562,2055,3119,2007
2551,2055,3097,2007
2540,2055,3074,2007
2528,2055,3049,2007
2516,2055,3023,2007
2503,2055,2996,2007
2489,2055,2967,2007
2475,2055,2937,2007
2460,2054,2907,2006
2445,2054,2875,2006
2429,2054,2843,2006
2414,2054,2810,2006
2398,2054,2777,2006
2381,2054,2743,2006
2365,2054,2709,2006
2349,2054,2675,2006
2332,2054,2641,2006
2316,2054,2607,2006
2299,2054,2572,2006
2283,2054,2538,2006
2266,2054,2503,2006
2250,2054,2469,2006
2233,2054,2435,2006
2217,2054,2400,2006
2200,2054,2366,2006
2184,2054,2332,2006
2167,2054,2297,2006
2151,2054,2263,2006
2134,2054,2229,2006
2118,2054,2194,2006
2101,2054,2160,2006
2085,2054,2125,2006
2068,2054,2090,2006
2051,2054,2056,2006
2035,2054,2021,2006
2018,2054,1986,2006
2001,2054,1951,2006
1984,2054,1915,2006
1967,2054,1880,2006
1950,2054,1844,2006
1933,2054,1809,2006
1916,2054,1773,2006
1899,2054,1738,2006
1882,2054,1702,2006
1864,2054,1666,2006
1847,2054,1630,2006
1830,2054,1595,2006
1813,2054,1559,2006
1796,2054,1523,2006
1779,2054,1487,2006
1761,2054,1451,2006
1744,2054,1416,2006
1727,2054,1380,2006
1710,2054,1345,2006
1693,2054,1309,2006
1676,2054,1274,2006
1659,2054,1239,2006
1643,2054,1204,2006
1626,2054,1169,2006
1610,2054,1135,2006
1593,2054,1101,2006
1577,2054,1068,2006
1562,2054,1036,2006
1547,2054,1004,2006
1532,2054,973,2006
1518,2054,944,2006
1504,2054,915,2006
1491,2054,888,2006
1479,2054,863,2006
1467,2054,839,2006
1457,2054,817,2006
1447,2054,796,2006
1438,2054,778,2006
1430,2054,761,2006
1423,2054,747,2006
1417,2054,734,2006
1412,2054,723,2006
1408,2054,715,2006
1404,2054,707,2006
1402,2054,702,2006
1400,2054,698,2006
1399,2054,696,2006
1398,2054,694,2006
1398,2054,694,2006
1398,2054,695,2006
1399,2054,697,2006
1400,2054,699,2006
1402,2054,702,2006
1404,2054,706,2006
1405,2054,710,2006
1407,2054,714,2006
1409,2054,718,2006
1412,2053,723,2005
1414,2053,727,2005
1416,2053,732,2005
1418,2053,736,2005
1420,2053,741,2005
1422,2053,745,2005
1425,2053,750,2005
1427,2053,754,2005
1429,2053,759,2005
1431,2053,763,2005
1433,2053,767,2005
1435,2053,772,2005
1437,2053,776,2005
1439,2053,780,2005
1441,2053,784,2005
1443,2053,788,2005
1445,2053,792,2005
1447,2053,796,2005
1449,2053,800,2005
1451,2053,804,2005
1452,2053,807,2005
1454,2053,811,2005
1455,2053,814,2005
1457,2053,817,2005
1458,2053,820,2005
1460,2053,823,2005
1461,2053,826,2005
1462,2053,829,2005
1464,2053,831,2005
1465,2053,834,2005
1466,2053,836,2005
1467,2053,839,2005
1468,2053,841,2005
1469,2053,843,2005
1471,2053,845,2005
1472,2053,848,2005
1473,2053,850,2005
1473,2053,852,2005
1474,2053,853,2005
1475,2053,855,2005
1476,2053,857,2005
1477,2053,859,2005
1478,2053,861,2005
1479,2053,862,2005
1479,2053,864,2005
1480,2053,865,2005
1481,2053,867,2005
1481,2053,868,2005
1482,2053,869,2005
1482,2053,870,2005
1483,2053,872,2005
1483,2053,872,2005
1484,2053,873,2005
1484,2053,874,2005
1484,2053,874,2005
1485,2053,875,2005
1485,2053,875,2005
1485,2053,875,2005
1485,2053,875,2005
1485,2053,875,2005
1484,2053,874,2005
1484,2053,874,2005
1484,2053,873,2005
1483,2053,872,2005
1483,2053,871,2005
1482,2053,870,2005
1482,2053,869,2005
1481,2053,868,2005
1481,2053,867,2005
1480,2053,865,2005
1479,2053,864,2005
1479,2053,862,2005
1478,2053,861,2005
1477,2053,859,2005
1476,2053,858,2005
1476,2053,856,2005
1475,2053,855,2005
1474,2053,854,2005
1474,2053,852,2005
1473,2053,851,2005
1473,2053,851,2005
1473,2053,851,2005
1473,2053,851,2005
1474,2053,852,2005
1475,2053,854,2005
1476,2053,857,2005
1478,2053,862,2005
1481,2053,867,2005
1484,2053,874,2005
1488,2053,882,2005
1493,2053,892,2005
1498,2053,903,2005
1505,2053,916,2005
1512,2053,931,2005
1520,2053,948,2005
1529,2053,967,2005
1539,2053,988,2005
1550,2053,1010,2005
1561,2053,1034,2005
1573,2053,1060,2005
1586,2052,1087,2004
1600,2052,1115,2004
1614,2052,1145,2004
1629,2052,1175,2004
1644,2052,1207,2004
1660,2052,1239,2004
1675,2052,1272,2004
1692,2052,1306,2004
1708,2052,1340,2004
1724,2052,1374,2004
1741,2052,1409,2004
1758,2052,1444,2004
1774,2052,1478,2004
1791,2052,1513,2004
1808,2052,1548,2004
1825,2052,1583,2004
1841,2052,1618,2004
1858,2052,1653,2004
1875,2052,1687,2004
1891,2052,1722,2004
1908,2052,1757,2004
1925,2052,1792,2004
1941,2052,1826,2004
1958,2052,1861,2004
1975,2052,1896,2004
1991,2052,1931,2004
2008,2052,1966,2004
2025,2052,2000,2004
2042,2052,2035,2004
2058,2052,2070,2004
2075,2052,2105,2004
2092,2052,2140,2004
2109,2052,2175,2004
2125,2052,2210,2004
2142,2052,2244,2004
2159,2052,2279,2004
2175,2052,2314,2004
2192,2052,2349,2004
2209,2052,2384,2004
2225,2052,2418,2004
2242,2052,2453,2004
2259,2052,2488,2004
2275,2052,2522,2004
2292,2052,2557,2004
2309,2052,2592,2004
2325,2052,2627,2004
2342,2052,2661,2004
2359,2052,2696,2004
2376,2052,2731,2004
2392,2052,2766,2004
2409,2052,2801,2004
2426,2052,2836,2004
2443,2052,2871,2004
2460,2052,2906,2004
2476,2052,2940,2004
2492,2052,2975,2004
2509,2052,3008,2004
2525,2052,3041,2004
2540,2052,3074,2004
2555,2052,3105,2004
2570,2052,3136,2004
2584,2052,3166,2004
2598,2052,3194,2004
2610,2052,3220,2004
2623,2052,3245,2004
2634,2052,3269,2004
2644,2052,3290,2004
2654,2052,3310,2004
2662,2052,3328,2004
2670,2052,3344,2004
2676,2052,3358,2004
2682,2052,3369,2004
2687,2052,3379,2004
2691,2052,3388,2004
2694,2052,3394,2004
2696,2052,3399,2004
2698,2052,3402,2004
2699,2052,3404,2004
2699,2052,3405,2004
2699,2052,3404,2004
2698,2052,3403,2004
2697,2052,3401,2004
2696,2052,3398,2004
2694,2052,3394,2004
2692,2052,3391,2004
2690,2052,3387,2004
2688,2052,3382,2004
2686,2052,3378,2004
2684,2052,3373,2004
2682,2052,3369,2004
2679,2052,3364,2004
2677,2052,3359,2004
2675,2052,3355,2004
2673,2052,3351,2004
2671,2052,3346,2004
2669,2052,3342,2004
2667,2052,3338,2004
2665,2052,3334,2004
2663,2052,3330,2004
2661,2052,3325,2004
2659,2052,3321,2004
2657,2052,3317,2004
2655,2052,3313,2004
2653,2052,3309,2004
2651,2052,3305,2004
2649,2052,3301,2004
2647,2052,3297,2004
2645,2052,3293,2004
2643,2052,3288,2004
2641,2052,3284,2004
2639,2052,3280,2004
2637,2052,3276,2004
2635,2052,3272,2004
2633,2052,3268,2004
2631,2052,3264,2004
2629,2052,3260,2004
2628,2052,3256,2004
2626,2052,3252,2004
2624,2052,3249,2004
2623,2052,3246,2004
2621,2052,3243,2004
2620,2052,3240,2004
2619,2052,3238,2004
2618,2052,3236,2004
2617,2052,3233,2004
2616,2052,3232,2004
2615,2051,3230,2003
2615,2051,3229,2003
2614,2051,3228,2003
2613,2051,3227,2003
2613,2051,3226,2003
2613,2051,3225,2003
2612,2051,3224,2003
2612,2051,3224,2003
2612,2051,3223,2003
2612,2051,3223,2003
2612,2051,3223,2003
2611,2051,3223,2003
2611,2051,3222,2003
2611,2051,3222,2003
2611,2051,3222,2003
2611,2051,3222,2003
2611,2051,3222,2003
2611,2051,3222,2003
2611,2051,3222,2003
2611,2051,3223,2003
2612,2051,3223,2003
2612,2051,3223,2003
2612,2051,3224,2003
2612,2051,3225,2003
2613,2051,3225,2003
2613,2051,3226,2003
2614,2051,3227,2003
2614,2051,3228,2003
2615,2051,3230,2003
2616,2051,3231,2003
2616,2051,3233,2003
2617,2051,3235,2003
2618,2051,3236,2003
2619,2051,3238,2003
2620,2051,3240,2003
2621,2051,3242,2003
2622,2051,3244,2003
2623,2051,3246,2003
2624,2051,3248,2003
2624,2051,3249,2003
2625,2051,3251,2003
2626,2051,3252,2003
2626,2051,3253,2003
2626,2051,3253,2003
2626,2051,3252,2003
2625,2051,3251,2003
2624,2051,3249,2003
2622,2051,3245,2003
2620,2051,3241,2003
2617,2051,3235,2003
2614,2051,3227,2003
2609,2051,3218,2003
2604,2051,3207,2003
2598,2051,3195,2003
2591,2051,3180,2003
2583,2051,3164,2003
2575,2051,3146,2003
2565,2051,3126,2003
2555,2051,3104,2003
2543,2051,3080,2003
2531,2051,3055,2003
2518,2051,3028,2003
2504,2051,2999,2003
2490,2051,2970,2003
2475,2051,2938,2003
2460,2051,2906,2003
2444,2051,2873,2003
2428,2051,2839,2003
2411,2051,2805,2003
2394,2051,2770,2003
2377,2051,2735,2003
2360,2051,2699,2003
2343,2051,2664,2003
2326,2051,2628,2003
2309,2051,2592,2003
2292,2051,2557,2003
2275,2051,2521,2003
2258,2051,2486,2003
2241,2051,2450,2003
2224,2051,2415,2003
2207,2051,2380,2003
2190,2051,2345,2003
2173,2051,2310,2003
2156,2051,2275,2003
2140,2051,2240,2003
2123,2051,2205,2003
2106,2051,2170,2003
2090,2051,2136,2003
2073,2051,2101,2003
2057,2051,2067,2003
2040,2051,2032,2003
2024,2051,1998,2003
2007,2051,1963,2003
1991,2051,1929,2003
1974,2051,1895,2003
1958,2051,1861,2003
1941,2051,1827,2003
1925,2051,1793,2003
1909,2051,1759,2003
1892,2051,1725,2003
1876,2051,1691,2003
1860,2051,1657,2003
1843,2051,1622,2003
1827,2051,1588,2003
1811,2051,1554,2003
1794,2051,1519,2003
1777,2051,1485,2003
1761,2051,1450,2003
1744,2051,1415,2003
1727,2051,1380,2003
1710,2051,1345,2003
1693,2051,1309,2003
1676,2051,1274,2003
1659,2051,1238,2003
1642,2051,1203,2003
1625,2051,1168,2003
1608,2051,1133,2003
1592,2051,1098,2003
1576,2051,1064,2003
1560,2051,1031,2003
1544,2051,999,2003
1529,2051,968,2003
1515,2051,938,2003
1502,2051,910,2003
1489,2051,883,2003
1477,2051,858,2003
1466,2051,835,2003
1455,2051,814,2003
1446,2051,795,2003
1438,2051,777,2003
1430,2051,762,2003
1424,2051,749,2003
1419,2051,737,2003
1414,2051,728,2003
1410,2051,720,2003
1408,2051,715,2003
1406,2051,710,2003
1404,2051,708,2003
1404,2051,706,2003
1404,2051,706,2003
1404,2051,707,2003
1405,2051,708,2003
1406,2051,711,2003
1407,2051,714,2003
1409,2051,717,2003
1411,2051,721,2003
1413,2051,725,2003
1415,2051,729,2003
1417,2051,734,2003
1419,2051,738,2003
1421,2051,742,2003
1423,2051,747,2003
1425,2051,751,2003
1427,2051,755,2003
1429,2051,759,2003
1431,2051,763,2003
1433,2051,767,2003
1435,2051,771,2003
1437,2051,775,2003
1438,2051,779,2003
1440,2051,782,2003
1442,2051,786,2003
1444,2051,790,2003
1446,2051,794,2003
1447,2051,797,2003
1449,2051,801,2003
1451,2051,804,2003
1452,2051,808,2003
1454,2050,811,2002
1456,2050,814,2002
1457,2050,818,2002
1459,2050,821,2002
1460,2050,824,2002
1462,2050,827,2002
1463,2050,830,2002
1464,2050,832,2002
1466,2050,835,2002
1467,2050,837,2002
1468,2050,840,2002
1469,2050,842,2002
1470,2050,844,2002
1471,2050,846,2002
1472,2050,848,2002
1473,2050,850,2002
1474,2050,852,2002
1474,2050,853,2002
1475,2050,855,2002
1476,2050,857,2002
1477,2050,858,2002
1477,2050,860,2002
1478,2050,861,2002
1479,2050,862,2002
1479,2050,864,2002
1480,2050,865,2002
1480,2050,866,2002
1481,2050,867,2002
1481,2050,868,2002
1482,2050,869,2002
1482,2050,869,2002
1482,2050,870,2002
1483,2050,871,2002
1483,2050,871,2002
1483,2050,872,2002
1483,2050,872,2002
1483,2050,872,2002
1483,2050,872,2002
1483,2050,872,2002
1483,2050,872,2002
1483,2050,872,2002
1483,2050,872,2002
1483,2050,872,2002
1483,2050,872,2002
1483,2050,872,2002
1483,2050,871,2002
1483,2050,871,2002
1483,2050,871,2002
1482,2050,870,2002
1482,2050,870,2002
1482,2050,869,2002
1481,2050,868,2002
1481,2050,867,2002
1481,2050,866,2002
1480,2050,866,2002
1480,2050,865,2002
1479,2050,864,2002
1479,2050,863,2002
1479,2050,862,2002
1478,2050,862,2002
1478,2050,862,2002
1478,2050,862,2002
1479,2050,863,2002
1479,2050,864,2002
1480,2050,866,2002
1482,2050,869,2002
1483,2050,872,2002
1486,2050,877,2002
1489,2050,883,2002
1492,2050,890,2002
1496,2050,899,2002
1501,2050,909,2002
1506,2050,920,2002
1513,2050,933,2002
1520,2050,948,2002
1528,2050,965,2002
1536,2050,983,2002
1546,2050,1003,2002
1556,2050,1024,2002
1567,2050,1047,2002
1579,2050,1071,2002
1591,2050,1097,2002
1604,2050,1124,2002
1618,2050,1152,2002
1632,2050,1182,2002
1646,2050,1212,2002
1661,2050,1243,2002
1676,2050,1275,2002
1692,2050,1307,2002
1708,2050,1340,2002
1724,2050,1373,2002
1740,2050,1407,2002
1756,2050,1440,2002
1772,2050,1474,2002
1789,2050,1509,2002
1805,2050,1543,2002
1822,2050,1577,2002
1838,2050,1612,2002
1855,2050,1646,2002
1871,2050,1681,2002
1888,2050,1715,2002
1905,2050,1750,2002
1921,2050,1784,2002
1938,2050,1819,2002
1954,2050,1854,2002
1971,2050,1888,2002
1988,2050,1923,2002
2004,2050,1957,2002
2021,2050,1992,2002
2038,2050,2027,2002
2054,2050,2062,2002
2071,2050,2097,2002
2088,2050,2131,2002
2105,2050,2166,2002
2121,2050,2201,2002
2138,2050,2237,2002
2155,2050,2272,2002
2172,2050,2307,2002
2189,2050,2342,2002
2206,2050,2378,2002
2223,2050,2413,2002
2240,2050,2449,2002
2257,2050,2484,2002
2274,2050,2520,2002
2291,2050,2556,2002
2309,2050,2591,2002
2326,2050,2627,2002
2343,2050,2663,2002
2360,2050,2698,2002
2377,2050,2734,2002
2394,2050,2769,2002
2411,2050,2804,2002
2428,2050,2839,2002
2444,2050,2874,2002
2461,2050,2909,2002
2477,2050,2943,2002
2494,2050,2977,2002
2509,2050,3010,2002
2525,2050,3042,2002
2540,2050,3074,2002
2555,2050,3105,2002
2570,2050,3135,2002
2584,2050,3164,2002
2597,2050,3192,2002
2609,2050,3218,2002
2621,2050,3243,2002
2632,2050,3266,2002
2643,2050,3287,2002
2652,2050,3307,2002
2661,2050,3325,2002
2668,2050,3340,2002
2675,2050,3354,2002
2680,2050,3366,2002
2685,2050,3376,2002
2689,2050,3384,2002
2692,2050,3390,2002
2694,2050,3395,2002
2696,2050,3397,2002
2696,2050,3399,2002
2696,2050,3399,2002
2696,2050,3398,2002
2695,2050,3396,2002
2694,2050,3394,2002
2692,2050,3390,2002
2690,2050,3386,2002
2688,2050,3382,2002
2686,2050,3377,2002
2684,2050,3372,2002
2681,2050,3367,2002
2679,2050,3362,2002
2676,2050,3357,2002
2674,2050,3352,2002
2672,2050,3348,2002
2669,2050,3343,2002
2667,2050,3338,2002
2665,2050,3334,2002
2663,2050,3330,2002
2661,2050,3326,2002
2659,2050,3321,2002
2657,2050,3318,2002
2655,2050,3314,2002
2654,2050,3310,2002
2652,2050,3306,2002
2650,2050,3303,2002
2648,2050,3299,2002
2647,2050,3296,2002
2645,2050,3293,2002
2644,2050,3290,2002
2642,2050,3286,2002
2641,2050,3283,2002
2639,2050,3280,2002
2638,2050,3277,2002
2636,2050,3275,2002
2635,2050,3272,2002
2634,2050,3269,2002
2633,2050,3266,2002
2631,2050,3264,2002
2630,2050,3261,2002
2629,2050,3259,2002
2628,2050,3256,2002
2627,2050,3254,2002
2626,2050,3252,2002
2624,2050,3249,2002
2623,2050,3247,2002
2622,2050,3245,2002
2621,2050,3243,2002
2620,2050,3241,2002
2619,2050,3239,2002
2618,2050,3237,2002
2617,2050,3235,2002
2616,2050,3233,2002
2616,2050,3231,2002
2615,2050,3229,2002
2614,2050,3228,2002
2613,2050,3226,2002
2613,2050,3225,2002
2612,2050,3224,2002
2611,2050,3222,2002
2611,2050,3221,2002
2611,2050,3221,2002
2610,2050,3220,2002
2610,2050,3219,2002
2610,2050,3219,2002
2610,2050,3219,2002
2610,2050,3219,2002
2610,2050,3219,2002
2610,2050,3219,2002
2610,2050,3219,2002
2610,2050,3219,2002
2610,2050,3219,2002
2610,2050,3220,2002
2610,2050,3220,2002
2611,2050,3221,2002
2611,2050,3221,2002
2611,2050,3222,2002
2612,2050,3223,2002
2612,2050,3224,2002
2613,2050,3225,2002
2613,2050,3226,2002
2614,2050,3228,2002
2615,2050,3229,2002
2616,2050,3231,2002
2616,2050,3233,2002
2617,2050,3234,2002
2618,2050,3236,2002
2619,2050,3238,2002
2620,2050,3240,2002
2621,2050,3241,2002
2621,2050,3242,2002
2621,2050,3243,2002
2622,2050,3243,2002
2621,2050,3243,2002
2621,2050,3242,2002
2620,2050,3239,2002
2618,2050,3236,2002
2616,2049,3232,2001
2613,2049,3226,2001
2610,2049,3219,2001
2605,2049,3210,2001
2600,2049,3199,2001
2594,2049,3187,2001
2588,2049,3173,2001
2580,2049,3157,2001
2572,2049,3139,2001
2562,2049,3120,2001
2552,2049,3098,2001
2541,2049,3075,2001
2529,2049,3051,2001
2517,2049,3025,2001
2503,2049,2997,2001
2490,2049,2968,2001
2475,2049,2939,2001
2460,2049,2908,2001
2445,2049,2876,2001
2429,2049,2843,2001
2414,2049,2810,2001
2397,2049,2776,2001
2381,2049,2742,2001
2364,2049,2708,2001
2348,2049,2673,2001
2331,2049,2638,2001
2314,2049,2603,2001
2297,2049,2568,2001
2280,2049,2532,2001
2263,2049,2497,2001
2246,2049,2462,2001
2229,2049,2426,2001
2212,2049,2391,2001
2195,2049,2356,2001
2178,2049,2320,2001
2161,2049,2285,2001
2144,2049,2249,2001
2127,2049,2214,2001
2110,2049,2179,2001
2094,2049,2143,2001
2077,2049,2108,2001
2060,2049,2073,2001
2043,2049,2038,2001
2026,2049,2003,2001
2010,2049,1968,2001
1993,2049,1934,2001
1976,2049,1899,2001
1960,2049,1865,2001
1943,2049,1830,2001
1927,2049,1796,2001
1910,2049,1762,2001
1894,2049,1727,2001
1878,2049,1693,2001
1861,2049,1659,2001
1845,2049,1625,2001
1828,2049,1591,2001
1812,2049,1556,2001
1795,2049,1522,2001
1779,2049,1487,2001
1762,2049,1453,2001
1745,2049,1418,2001
1728,2049,1383,2001
1712,2049,1348,2001
1695,2049,1313,2001
1678,2049,1277,2001
1661,2049,1242,2001
1644,2049,1207,2001
1627,2049,1172,2001
1610,2049,1137,2001
1594,2049,1102,2001
1578,2049,1068,2001
1562,2049,1035,2001
1546,2049,1003,2001
1531,2049,971,2001
1516,2049,941,2001
1503,2049,912,2001
1489,2049,885,2001
1477,2049,859,2001
1465,2049,834,2001
1455,2049,812,2001
1445,2049,792,2001
1436,2049,773,2001
1428,2049,756,2001
1421,2049,742,2001
1415,2049,729,2001
1410,2049,719,2001
1406,2049,710,2001
1402,2049,703,2001
1400,2049,698,2001
1398,2049,694,2001
1397,2049,692,2001
1396,2049,690,2001
1396,2049,690,2001
1397,2049,691,2001
1398,2049,693,2001
1399,2049,696,2001
1400,2049,699,2001
1402,2049,702,2001
1404,2049,706,2001
1406,2049,710,2001
1408,2049,714,2001
1410,2049,719,2001
1412,2049,723,2001
1414,2049,727,2001
1416,2049,732,2001
1418,2049,736,2001
1420,2049,741,2001
1422,2049,745,2001
1424,2049,750,2001
1427,2049,754,2001
1429,2049,758,2001
1431,2049,763,2001
1433,2049,767,2001
1435,2049,772,2001
1437,2049,776,2001
1439,2049,781,2001
1441,2049,785,2001
1444,2049,789,2001
1446,2049,793,2001
1448,2049,798,2001
1449,2049,802,2001
1451,2049,805,2001
1453,2049,809,2001
1455,2049,813,2001
1456,2049,816,2001
1458,2049,819,2001
1460,2049,823,2001
1461,2049,825,2001
1462,2049,828,2001
1463,2049,831,2001
1465,2049,833,2001
1466,2049,835,2001
1467,2049,837,2001
1467,2049,839,2001
1468,2049,841,2001
1469,2049,843,2001
1470,2049,844,2001
1471,2049,846,2001
1471,2049,847,2001
1472,2049,848,2001
1473,2049,850,2001
1473,2049,851,2001
1474,2049,852,2001
1474,2049,854,2001
1475,2049,855,2001
1476,2049,856,2001
1476,2049,857,2001
1477,2049,858,2001
1477,2049,860,2001
1478,2049,861,2001
1478,2049,862,2001
1479,2049,863,2001
1480,2049,865,2001
1480,2049,866,2001
1481,2049,867,2001
1481,2049,868,2001
1482,2049,869,2001
1482,2049,870,2001
1483,2049,871,2001
1483,2049,872,2001
1484,2049,873,2001
1484,2049,873,2001
1484,2049,874,2001
1484,2049,874,2001
1484,2049,874,2001
1484,2049,874,2001
1484,2049,874,2001
1484,2049,874,2001
1484,2049,873,2001
1484,2049,873,2001
1483,2049,872,2001
1483,2049,871,2001
1482,2049,870,2001
1481,2049,868,2001
1481,2049,867,2001
1480,2049,866,2001
1480,2049,864,2001
1479,2049,863,2001
1478,2049,862,2001
1478,2049,861,2001
1478,2049,860,2001
1478,2049,860,2001
1478,2049,860,2001
1478,2049,861,2001
1479,2049,862,2001
1480,2049,865,2001
1481,2049,868,2001
1483,2049,872,2001
1486,2049,878,2001
1489,2049,884,2001
1493,2049,893,2001
1498,2049,902,2001
1503,2049,913,2001
1509,2049,926,2001
1516,2049,941,2001
1524,2049,957,2001
1533,2049,975,2001
1542,2049,994,2001
1552,2049,1016,2001
1563,2049,1039,2001
1575,2049,1063,2001
1588,2049,1089,2001
1601,2049,1117,2001
1614,2049,1145,2001
1629,2049,1175,2001
1644,2049,1206,2001
1659,2049,1238,2001
1675,2049,1271,2001
1691,2049,1304,2001
1707,2049,1338,2001
1724,2049,1373,2001
1740,2049,1408,2001
1757,2049,1443,2001
1774,2049,1478,2001
1791,2049,1514,2001
1808,2049,1549,2001
1825,2049,1585,2001
1842,2049,1620,2001
1859,2049,1656,2001
1876,2049,1691,2001
1893,2049,1726,2001
1910,2049,1761,2001
1927,2049,1796,2001
1944,2049,1831,2001
1960,2049,1866,2001
1977,2049,1900,2001
1993,2049,1935,2001
2010,2049,1969,2001
2026,2049,2003,2001
2043,2049,2037,2001
2059,2049,2071,2001
2075,2049,2105,2001
2092,2049,2139,2001
2108,2049,2173,2001
2124,2049,2208,2001
2141,2049,2242,2001
2157,2049,2276,2001
2174,2049,2311,2001
2190,2049,2345,2001
2207,2049,2380,2001
2224,2049,2415,2001
2241,2049,2450,2001
2257,2049,2485,2001
2274,2049,2520,2001
2291,2049,2555,2001
2308,2049,2591,2001
2325,2049,2626,2001
2342,2049,2662,2001
2360,2049,2698,2001
2377,2049,2733,2001
2394,2049,2769,2001
2411,2049,2804,2001
2428,2049,2839,2001
2444,2049,2875,2001
2461,2049,2909,2001
2478,2049,2944,2001
2494,2049,2977,2001
2510,2049,3011,2001
2525,2049,3043,2001
2541,2049,3075,2001
2556,2049,3106,2001
2570,2049,3136,2001
2583,2049,3164,2001
2596,2049,3191,2001
2609,2049,3217,2001
2620,2049,3241,2001
2631,2049,3263,2001
2641,2049,3284,2001
2650,2049,3302,2001
2658,2049,3319,2001
2665,2049,3334,2001
2671,2049,3347,2001
2676,2049,3358,2001
2681,2049,3367,2001
2684,2049,3374,2001
2687,2049,3380,2001
2689,2049,3384,2001
2690,2049,3386,2001
2691,2049,3387,2001
2691,2049,3387,2001
2690,2049,3386,2001
2689,2049,3384,2001
2688,2049,3382,2001
2686,2049,3378,2001
2685,2049,3375,2001
2683,2049,3371,2001
2681,2049,3366,2001
2678,2049,3362,2001
2676,2049,3357,2001
2674,2049,3353,2001
2672,2049,3349,2001
2670,2049,3344,2001
2668,2049,3340,2001
2666,2049,3336,2001
2664,2049,3332,2001
2662,2049,3328,2001
2661,2049,3325,2001
2659,2049,3321,2001
2657,2049,3318,2001
2656,2049,3315,2001
2654,2049,3311,2001
2653,2049,3308,2001
2651,2049,3305,2001
2650,2049,3302,2001
2648,2049,3299,2001
2647,2049,3296,2001
2645,2049,3293,2001
2644,2049,3290,2001
2642,2049,3287,2001
2641,2049,3284,2001
2639,2049,3281,2001
2638,2049,3278,2001
2637,2049,3275,2001
2635,2049,3272,2001
2634,2049,3269,2001
2633,2049,3267,2001
2631,2049,3264,2001
2630,2049,3262,2001
2629,2049,3259,2001
2628,2049,3257,2001
2627,2049,3255,2001
2626,2049,3252,2001
2625,2049,3250,2001
2624,2049,3248,2001
2623,2049,3247,2001
2622,2049,3245,2001
2621,2049,3243,2001
2621,2049,3241,2001
2620,2049,3240,2001
2619,2049,3238,2001
2619,2049,3237,2001
2618,2049,3236,2001
2617,2049,3234,2001
2617,2049,3233,2001
2616,2049,3232,2001
2616,2049,3231,2001
2615,2049,3230,2001
2615,2049,3229,2001
2614,2049,3228,2001
2614,2049,3227,2001
2614,2049,3227,2001
2613,2049,3226,2001
2613,2049,3226,2001
2613,2049,3225,2001
2613,2049,3225,2001
2613,2049,3225,2001
2613,2049,3225,2001
2613,2049,3225,2001
2613,2049,3225,2001
2613,2049,3226,2001
2613,2049,3226,2001
2614,2049,3227,2001
2614,2049,3227,2001
2614,2049,3228,2001
2615,2049,3229,2001
2615,2049,3230,2001
2616,2049,3232,2001
2617,2049,3233,2001
2617,2049,3234,2001
2618,2049,3236,2001
2619,2049,3238,2001
2620,2049,3239,2001
2620,2049,3241,2001
2621,2049,3242,2001
2622,2049,3244,2001
2622,2049,3245,2001
2623,2049,3246,2001
2623,2049,3247,2001
2624,2049,3248,2001
2624,2049,3248,2001
2623,2049,3247,2001
2623,2049,3246,2001
2622,2049,3243,2001
2620,2049,3240,2001
2618,2049,3236,2001
2616,2049,3231,2001
2612,2049,3224,2001
2608,2049,3216,2001
2604,2049,3206,2001
2599,2049,3195,2001
2592,2049,3183,2001
2585,2049,3168,2001
2578,2049,3152,2001
2569,2049,3134,2001
2560,2049,3115,2001
2550,2049,3093,2001
2539,2049,3071,2001
2527,2049,3046,2001
2515,2049,3021,2001
2502,2049,2994,2001
2488,2049,2965,2001
2474,2049,2936,2001
2459,2049,2905,2001
2444,2049,2874,2001
2429,2049,2842,2001
2413,2049,2809,2001
2397,2049,2775,2001
2380,2049,2741,2001
2364,2049,2707,2001
2347,2049,2672,2001
2330,2049,2637,2001
2314,2049,2602,2001
2297,2049,2567,2001
2280,2049,2531,2001
2263,2049,2496,2001
2246,2049,2460,2001
2229,2049,2425,2001
2212,2049,2390,2001
2195,2049,2354,2001
2178,2049,2319,2001
2161,2049,2284,2001
2144,2049,2249,2001
2127,2049,2214,2001
2110,2049,2179,2001
2094,2049,2144,2001
2077,2049,2109,2001
2060,2049,2074,2001
2044,2049,2039,2001
2027,2049,2005,2001
2010,2049,1970,2001
1994,2049,1935,2001
1977,2049,1900,2001
1960,2049,1866,2001
1943,2049,1831,2001
1927,2049,1796,2001
1910,2049,1761,2001
1893,2049,1726,2001
1876,2049,1691,2001
1859,2049,1656,2001
1842,2049,1620,2001
1825,2049,1585,2001
1808,2049,1549,2001
1791,2049,1513,2001
1774,2049,1478,2001
1757,2049,1442,2001
1739,2049,1406,2001
1722,2049,1370,2001
1705,2049,1334,2001
1688,2049,1298,2001
1670,2049,1262,2001
1653,2049,1226,2001
1636,2049,1191,2001
1619,2049,1155,2001
1603,2049,1121,2001
1586,2049,1086,2001
1570,2049,1052,2001
1554,2049,1020,2001
1539,2049,987,2001
1524,2049,956,2001
1510,2049,927,2001
1496,2049,898,2001
1483,2049,871,2001
1471,2049,845,2001
1459,2049,822,2001
1449,2049,800,2001
1439,2049,780,2001
1430,2049,761,2001
1423,2049,745,2001
1416,2049,731,2001
1410,2049,719,2001
1405,2049,709,2001
1401,2049,701,2001
1398,2049,695,2001
1396,2049,690,2001
1395,2049,687,2001
1394,2049,686,2001
1394,2049,686,2001
1395,2049,688,2001
1396,2049,690,2001
1398,2049,693,2001
1400,2049,697,2001
1402,2049,702,2001
1404,2049,707,2001
1407,2049,713,2001
1410,2049,718,2001
1412,2049,724,2001
1415,2049,730,2001
1418,2049,736,2001
1420,2049,741,2001
1423,2049,747,2001
1426,2049,752,2001
1428,2049,757,2001
1431,2049,762,2001
1433,2049,767,2001
1435,2049,772,2001
1437,2049,776,2001
1439,2049,780,2001
1441,2049,784,2001
1443,2049,788,2001
1445,2049,792,2001
1446,2049,795,2001
1448,2049,799,2001
1450,2049,802,2001
1451,2049,805,2001
1453,2049,808,2001
1454,2049,811,2001
1456,2049,814,2001
1457,2049,817,2001
1458,2049,820,2001
1460,2049,823,2001
1461,2049,825,2001
1462,2049,828,2001
1463,2049,830,2001
1465,2049,833,2001
1466,2049,835,2001
1467,2049,838,2001
1468,2049,840,2001
1469,2049,843,2001
1470,2049,845,2001
1472,2049,847,2001
1473,2049,849,2001
1474,2049,852,2001
1475,2049,854,2001
1476,2049,856,2001
1476,2049,858,2001
1477,2049,859,2001
1478,2049,861,2001
1479,2049,863,2001
1480,2049,864,2001
1480,2049,866,2001
1481,2049,867,2001
1482,2049,868,2001
1482,2049,869,2001
1483,2049,871,2001
1483,2049,872,2001
1484,2049,873,2001
1484,2049,874,2001
1484,2049,874,2001
1485,2049,875,2001
1485,2049,876,2001
1485,2049,876,2001
1486,2049,877,2001
1486,2049,877,2001
1486,2049,877,2001
1486,2049,878,2001
1486,2049,877,2001
1486,2049,877,2001
1486,2049,877,2001
1486,2049,876,2001
1485,2049,876,2001
1485,2049,875,2001
1484,2049,874,2001
1484,2049,873,2001
1483,2049,872,2001
1483,2049,871,2001
1482,2049,869,2001
1482,2049,868,2001
1481,2049,867,2001
1480,2049,865,2001
1479,2049,863,2001
1478,2048,862,2000
1478,2048,860,2000
1477,2048,858,2000
1476,2048,857,2000
1475,2048,855,2000
1475,2048,854,2000
1474,2048,853,2000
1474,2048,852,2000
1474,2048,853,2000
1474,2048,853,2000
1475,2048,855,2000
1477,2048,858,2000
1478,2048,861,2000
1481,2048,867,2000
1484,2048,873,2000
1488,2048,881,2000
1493,2048,891,2000
1498,2048,903,2000
1504,2048,916,2000
1512,2048,931,2000
1520,2048,949,2000
1529,2048,968,2000
1539,2048,989,2000
1550,2048,1011,2000
1562,2048,1036,2000
1574,2048,1062,2000
1588,2048,1089,2000
1601,2048,1118,2000
1616,2048,1148,2000
1631,2048,1179,2000
1646,2048,1211,2000
1662,2048,1243,2000
1677,2048,1276,2000
1693,2048,1310,2000
1710,2048,1344,2000
1726,2048,1378,2000
1742,2048,1412,2000
1759,2048,1446,2000
1775,2048,1481,2000
1792,2048,1515,2000
1809,2048,1550,2000
1825,2048,1584,2000
1842,2048,1619,2000
1858,2048,1654,2000
1875,2048,1689,2000
1892,2048,1724,2000
1909,2048,1759,2000
1926,2048,1794,2000
1943,2048,1830,2000
1960,2048,1865,2000
1977,2048,1901,2000
1994,2048,1937,2000
2012,2048,1973,2000
2029,2048,2009,2000
2046,2048,2045,2000
2064,2048,2081,2000
2081,2048,2117,2000
2098,2048,2153,2000
2116,2048,2189,2000
2133,2048,2225,2000
2150,2048,2261,2000
2167,2048,2297,2000
2184,2048,2332,2000
2201,2048,2367,2000
2218,2048,2403,2000
2235,2048,2438,2000
2251,2048,2473,2000
2268,2048,2508,2000
2285,2048,2542,2000
2302,2048,2577,2000
2318,2048,2612,2000
2335,2048,2647,2000
2352,2048,2682,2000
2368,2048,2716,2000
2385,2048,2751,2000
2402,2048,2786,2000
2419,2048,2821,2000
2435,2048,2856,2000
2452,2048,2891,2000
2469,2048,2925,2000
2485,2048,2960,2000
2502,2048,2994,2000
2518,2048,3027,2000
2533,2048,3060,2000
2549,2048,3092,2000
2564,2048,3124,2000
2578,2048,3154,2000
2592,2048,3183,2000
2606,2048,3210,2000
2618,2048,3236,2000
2630,2048,3261,2000
2641,2048,3283,2000
2651,2048,3304,2000
2660,2048,3323,2000
2668,2048,3340,2000
2675,2048,3355,2000
2681,2048,3368,2000
2687,2048,3379,2000
2691,2048,3388,2000
2694,2048,3395,2000
2697,2048,3400,2000
2699,2048,3404,2000
2700,2048,3407,2000
2700,2048,3407,2000
2700,2048,3407,2000
2699,2048,3406,2000
2698,2048,3403,2000
2697,2048,3400,2000
2695,2048,3397,2000
2693,2048,3392,2000
2691,2048,3388,2000
2688,2048,3383,2000
2686,2048,3378,2000
2684,2048,3373,2000
2681,2048,3368,2000
2679,2048,3363,2000
2676,2048,3358,2000
2674,2048,3353,2000
2672,2048,3348,2000
2669,2048,3343,2000
2667,2048,3339,2000
2665,2048,3334,2000
2663,2048,3330,2000
2661,2048,3326,2000
2659,2048,3322,2000
2657,2048,3318,2000
2655,2048,3314,2000
2653,2048,3310,2000
2651,2048,3306,2000
2650,2048,3302,2000
2648,2048,3299,2000
2646,2048,3295,2000
2644,2048,3291,2000
2643,2048,3288,2000
2641,2048,3284,2000
2639,2048,3281,2000
2638,2048,3278,2000
2636,2048,3274,2000
2635,2048,3271,2000
2633,2048,3268,2000
2632,2048,3265,2000
2631,2048,3262,2000
2629,2048,3260,2000
2628,2048,3257,2000
2627,2048,3254,2000
2626,2048,3252,2000
2624,2048,3250,2000
2623,2048,3247,2000
2622,2048,3245,2000
2621,2048,3243,2000
2620,2048,3241,2000
2619,2048,3239,2000
2618,2048,3237,2000
2617,2048,3235,2000
2617,2048,3233,2000
2616,2048,3231,2000
2615,2048,3230,2000
2614,2048,3228,2000
2613,2048,3227,2000
2613,2048,3225,2000
2612,2048,3224,2000
2612,2048,3223,2000
2611,2048,3221,2000
2611,2048,3221,2000
2610,2048,3220,2000
2610,2048,3219,2000
2609,2048,3218,2000
2609,2048,3218,2000
2609,2048,3218,2000
2609,2048,3217,2000
2609,2048,3217,2000
2609,2048,3217,2000
2609,2048,3217,2000
2609,2048,3218,2000
2609,2048,3218,2000
2610,2048,3218,2000
2610,2048,3219,2000
2610,2048,3220,2000
2610,2048,3220,2000
2611,2048,3221,2000
2611,2048,3222,2000
2612,2048,3223,2000
2612,2048,3224,2000
2613,2048,3225,2000
2614,2048,3227,2000
2614,2048,3228,2000
2615,2048,3230,2000
2616,2048,3232,2000
2617,2048,3234,2000
2618,2048,3235,2000
2619,2048,3237,2000
2619,2048,3239,2000
2620,2048,3240,2000
2620,2048,3241,2000
2621,2048,3242,2000
2621,2048,3242,2000
2620,2048,3241,2000
2620,2048,3240,2000
2619,2048,3237,2000
2617,2048,3234,2000
2614,2048,3229,2000
2611,2048,3222,2000
2608,2048,3214,2000
2603,2048,3205,2000
2598,2048,3194,2000
2591,2048,3181,2000
2584,2048,3166,2000
2576,2048,3149,2000
2567,2048,3131,2000
2558,2048,3111,2000
2547,2048,3089,2000
2536,2048,3065,2000
2524,2048,3040,2000
2511,2048,3014,2000
2498,2048,2986,2000
2484,2048,2957,2000
2470,2048,2927,2000
2455,2048,2896,2000
2440,2048,2864,2000
2424,2048,2832,2000
2408,2048,2799,2000
2393,2048,2766,2000
2376,2048,2733,2000
2360,2048,2699,2000
2344,2048,2665,2000
2328,2048,2631,2000
2311,2048,2596,2000
2295,2048,2562,2000
2278,2048,2528,2000
2261,2048,2493,2000
2245,2048,2459,2000
2228,2048,2424,2000
2212,2048,2389,2000
2195,2048,2354,2000
2178,2048,2319,2000
2161,2048,2284,2000
2144,2048,2249,2000
2128,2048,2214,2000
2111,2048,2179,2000
2094,2048,2144,2000
2077,2048,2109,2000
2060,2048,2074,2000
2043,2048,2038,2000
2026,2048,2003,2000
2010,2048,1968,2000
1993,2048,1934,2000
1976,2048,1899,2000
1959,2048,1864,2000
1943,2048,1829,2000
1926,2048,1795,2000
1910,2048,1760,2000
1893,2048,1726,2000
1877,2048,1691,2000
1860,2048,1657,2000
1844,2048,1623,2000
1827,2048,1588,2000
1811,2048,1554,2000
1794,2048,1519,2000
1777,2048,1485,2000
1761,2048,1450,2000
1744,2048,1416,2000
1728,2048,1381,2000
1711,2048,1346,2000
1694,2048,1311,2000
1677,2048,1276,2000
1661,2048,1241,2000
1644,2048,1207,2000
1627,2048,1172,2000
1611,2048,1138,2000
1595,2048,1104,2000
1578,2048,1070,2000
1563,2048,1038,2000
1547,2048,1006,2000
1533,2048,975,2000
1518,2048,945,2000
1505,2048,916,2000
1492,2048,889,2000
1479,2048,864,2000
1468,2048,840,2000
1457,2048,818,2000
1447,2048,797,2000
1439,2048,779,2000
1431,2048,763,2000
1424,2048,748,2000
1418,2048,736,2000
1413,2048,725,2000
1409,2048,716,2000
1405,2048,709,2000
1403,2048,704,2000
1401,2048,700,2000
1400,2048,698,2000
1399,2048,697,2000
1399,2048,697,2000
1400,2048,698,2000
1401,2048,700,2000
1402,2048,702,2000
1403,2048,705,2000
1405,2048,709,2000
1407,2048,712,2000
1409,2048,717,2000
1411,2048,721,2000
1413,2048,725,2000
1415,2048,730,2000
1417,2048,734,2000
1419,2048,739,2000
1421,2048,743,2000
1424,2048,748,2000
1426,2048,752,2000
1428,2048,757,2000
1430,2048,761,2000
1432,2048,765,2000
1434,2048,770,2000
1436,2048,774,2000
1438,2048,778,2000
1440,2048,783,2000
1442,2048,787,2000
1444,2048,791,2000
1446,2048,795,2000
1448,2048,799,2000
1450,2048,803,2000
1452,2048,806,2000
1454,2048,810,2000
1455,2048,814,2000
1457,2048,817,2000
1459,2048,821,2000
1460,2048,824,2000
1462,2048,827,2000
1463,2048,830,2000
1465,2048,834,2000
1466,2048,837,2000
1468,2048,839,2000
1469,2048,842,2000
1470,2048,845,2000
1471,2048,847,2000
1473,2048,850,2000
1474,2048,852,2000
1475,2048,854,2000
1475,2048,856,2000
1476,2048,857,2000
1477,2048,858,2000
1477,2048,860,2000
1478,2048,861,2000
1478,2048,861,2000
1478,2048,862,2000
1479,2048,862,2000
1479,2048,863,2000
1479,2048,863,2000
1479,2048,863,2000
1479,2048,863,2000
1479,2048,863,2000
1479,2048,863,2000
1479,2048,863,2000
1479,2048,863,2000
1479,2048,863,2000
1479,2048,863,2000
1479,2048,863,2000
1479,2048,863,2000
1479,2048,864,2000
1479,2048,864,2000
1480,2048,864,2000
1480,2048,865,2000
1480,2048,865,2000
1480,2048,865,2000
1480,2048,866,2000
1480,2048,866,2000
1480,2048,866,2000
1481,2048,866,2000
1481,2048,867,2000
1481,2048,866,2000
1481,2048,866,2000
1480,2048,866,2000
1480,2048,866,2000
1480,2048,865,2000
1480,2048,865,2000
1479,2048,864,2000
1479,2048,863,2000
1479,2048,862,2000
1478,2048,862,2000
1478,2048,861,2000
1478,2048,860,2000
1477,2048,860,2000
1477,2048,860,2000
1478,2048,860,2000
1478,2048,861,2000
1479,2048,863,2000
1480,2048,866,2000
1482,2048,869,2000
1484,2048,874,2000
1487,2048,880,2000
1490,2048,887,2000
1495,2048,896,2000
1499,2048,906,2000
1505,2048,918,2000
1512,2048,932,2000
1519,2048,947,2000
1528,2048,965,2000
1537,2048,984,2000
1547,2048,1005,2000
1558,2048,1027,2000
1569,2048,1051,2000
1581,2048,1077,2000
1594,2048,1103,2000
1608,2048,1131,2000
1622,2048,1160,2000
1636,2048,1191,2000
1651,2048,1221,2000
1666,2048,1253,2000
1682,2048,1285,2000
1697,2048,1318,2000
1713,2048,1351,2000
1729,2048,1384,2000
1745,2048,1418,2000
1761,2048,1452,2000
1778,2048,1486,2000
1794,2048,1520,2000
1810,2048,1554,2000
1827,2048,1588,2000
1843,2048,1622,2000
1859,2048,1656,2000
1876,2048,1690,2000
1892,2048,1724,2000
1909,2048,1759,2000
1925,2048,1793,2000
1942,2048,1827,2000
1958,2048,1861,2000
1975,2048,1896,2000
1991,2048,1930,2000
2007,2048,1964,2000
2024,2048,1999,2000
2041,2048,2033,2000
2057,2048,2067,2000
2074,2048,2102,2000
2090,2048,2136,2000
2107,2048,2171,2000
2123,2048,2206,2000
2140,2048,2240,2000
2157,2048,2275,2000
2174,2048,2310,2000
2190,2048,2345,2000
2207,2048,2381,2000
2224,2048,2416,2000
2241,2048,2451,2000
2258,2048,2487,2000
2276,2048,2523,2000
2293,2048,2558,2000
2310,2048,2594,2000
2327,2048,2630,2000
2344,2048,2666,2000
2362,2048,2702,2000
2379,2048,2738,2000
2396,2048,2774,2000
2413,2048,2809,2000
2430,2048,2845,2000
2447,2048,2880,2000
2464,2048,2915,2000
2481,2048,2950,2000
2497,2048,2984,2000
2513,2048,3018,2000
2529,2048,3051,2000
2544,2048,3083,2000
2559,2048,3114,2000
2574,2048,3144,2000
2588,2048,3173,2000
2601,2048,3201,2000
2613,2048,3227,2000
2625,2048,3251,2000
2636,2048,3274,2000
2646,2048,3294,2000
2655,2048,3313,2000
2663,2048,3330,2000
2670,2048,3345,2000
2677,2048,3358,2000
2682,2048,3369,2000
2686,2048,3379,2000
2690,2048,3386,2000
2693,2048,3391,2000
2694,2048,3395,2000
2696,2048,3398,2000
2696,2048,3399,2000
2696,2048,3398,2000
2695,2048,3397,2000
2694,2048,3395,2000
2693,2048,3391,2000
2691,2048,3388,2000
2689,2048,3383,2000
2687,2048,3379,2000
2684,2048,3374,2000
2682,2048,3369,2000
2679,2048,3364,2000
2677,2048,3359,2000
2675,2048,3354,2000
2672,2048,3349,2000
2670,2048,3345,2000
2668,2048,3341,2000
2666,2048,3336,2000
2664,2048,3332,2000
2662,2048,3329,2000
2661,2048,3325,2000
2659,2048,3322,2000
2658,2048,3319,2000
2656,2048,3316,2000
2655,2048,3313,2000
2653,2048,3310,2000
2652,2048,3307,2000
2650,2048,3304,2000
2649,2048,3301,2000
2648,2048,3298,2000
2646,2048,3294,2000
2644,2048,3291,2000
2643,2048,3288,2000
2641,2048,3285,2000
2640,2048,3281,2000
2638,2048,3278,2000
2636,2048,3274,2000
2634,2048,3270,2000
2633,2048,3266,2000
2631,2048,3263,2000
2629,2048,3259,2000
2627,2048,3255,2000
2625,2048,3251,2000
2624,2048,3248,2000
2622,2048,3244,2000
2620,2048,3241,2000
2619,2048,3238,2000
2617,2048,3235,2000
2616,2048,3232,2000
2615,2048,3229,2000
2613,2048,3226,2000
2612,2048,3224,2000
2611,2048,3222,2000
2610,2048,3220,2000
2610,2048,3219,2000
2609,2048,3218,2000
2609,2048,3217,2000
2608,2048,3216,2000
2608,2048,3216,2000
2608,2048,3215,2000
2608,2048,3215,2000
2608,2048,3215,2000
2608,2048,3216,2000
2609,2048,3216,2000
2609,2048,3217,2000
2609,2048,3218,2000
2610,2048,3218,2000
2610,2048,3219,2000
2611,2048,3220,2000
2611,2048,3221,2000
2612,2048,3223,2000
2612,2048,3224,2000
2613,2048,3225,2000
2613,2048,3226,2000
2614,2048,3227,2000
2614,2048,3228,2000
2615,2048,3230,2000
2616,2048,3231,2000
2616,2048,3232,2000
2617,2048,3234,2000
2618,2048,3235,2000
2618,2048,3237,2000
2619,2048,3239,2000
2620,2048,3241,2000
2621,2048,3242,2000
2622,2048,3244,2000
2623,2048,3246,2000
2624,2048,3248,2000
2624,2048,3249,2000
2625,2048,3251,2000
2625,2048,3252,2000
2626,2048,3252,2000
2626,2048,3252,2000
2625,2048,3252,2000
2625,2048,3250,2000
2624,2048,3248,2000
2622,2048,3245,2000
2620,2048,3240,2000
2617,2048,3235,2000
2614,2048,3228,2000
2610,2048,3219,2000
2605,2048,3210,2000
2600,2048,3198,2000
2593,2048,3185,2000
2586,2048,3170,2000
2578,2048,3153,2000
2569,2048,3135,2000
2560,2048,3114,2000
2549,2048,3093,2000
2538,2048,3069,2000
2526,2048,3044,2000
2513,2048,3018,2000
2500,2048,2990,2000
2486,2048,2961,2000
2472,2048,2931,2000
2457,2048,2900,2000
2442,2048,2869,2000
2426,2048,2836,2000
2410,2048,2803,2000
2394,2048,2770,2000
2378,2048,2736,2000
2361,2048,2702,2000
2345,2048,2667,2000
2329,2048,2633,2000
2312,2048,2599,2000
2295,2048,2564,2000
2279,2048,2530,2000
2262,2048,2495,2000
2246,2048,2461,2000
2229,2048,2427,2000
2213,2048,2393,2000
2197,2048,2358,2000
2180,2048,2324,2000
2164,2048,2290,2000
2148,2048,2257,2000
2132,2048,2223,2000
2115,2048,2189,2000
2099,2048,2155,2000
2083,2048,2121,2000
2066,2048,2087,2000
2050,2048,2053,2000
2034,2048,2019,2000
2017,2048,1985,2000
2001,2048,1950,2000
1984,2048,1916,2000
1968,2048,1881,2000
1951,2048,1847,2000
1934,2048,1812,2000
1918,2048,1777,2000
1901,2048,1742,2000
1884,2048,1706,2000
1867,2048,1671,2000
1850,2048,1635,2000
1832,2048,1599,2000
1815,2048,1564,2000
1798,2048,1528,2000
1781,2048,1492,2000
1763,2048,1456,2000
1746,2048,1420,2000
1729,2048,1383,2000
1712,2048,1347,2000
1694,2048,1311,2000
1677,2048,1276,2000
1660,2048,1240,2000
1643,2048,1205,2000
1626,2048,1170,2000
1609,2048,1135,2000
1593,2048,1101,2000
1577,2048,1067,2000
1561,2048,1035,2000
1546,2048,1003,2000
1531,2048,972,2000
1517,2048,942,2000
1503,2048,914,2000
1490,2048,887,2000
1478,2048,862,2000
1467,2048,838,2000
1456,2048,816,2000
1447,2048,796,2000
1438,2048,778,2000
1430,2048,762,2000
1423,2048,747,2000
1418,2048,735,2000
1413,2048,725,2000
1409,2048,716,2000
1405,2048,710,2000
1403,2048,704,2000
1401,2048,701,2000
1400,2048,699,2000
1400,2048,698,2000
1400,2048,698,2000
1400,2048,699,2000
1401,2048,701,2000
1402,2048,704,2000
1404,2048,707,2000
1405,2048,710,2000
1407,2048,714,2000
1409,2048,718,2000
1411,2048,722,2000
1413,2048,726,2000
1415,2048,730,2000
1417,2048,735,2000
1419,2048,739,2000
1422,2048,743,2000
1424,2048,748,2000
1426,2048,752,2000
1428,2048,757,2000
1430,2048,761,2000
1432,2048,766,2000
1435,2048,771,2000
1437,2048,775,2000
1439,2048,780,2000
1441,2048,785,2000
1444,2048,790,2000
1446,2048,795,2000
1448,2048,799,2000
1451,2048,804,2000
1453,2048,809,2000
1455,2048,813,2000
1457,2048,818,2000
1459,2048,822,2000
1461,2048,826,2000
1463,2048,830,2000
1465,2048,833,2000
1466,2048,837,2000
1468,2048,840,2000
1469,2048,843,2000
1470,2048,845,2000
1471,2048,847,2000
1472,2048,850,2000
1473,2048,851,2000
1474,2048,853,2000
1475,2048,854,2000
1475,2048,856,2000
1476,2048,857,2000
1476,2048,858,2000
1477,2048,858,2000
1477,2048,859,2000
1477,2048,860,2000
1478,2048,860,2000
1478,2048,861,2000
1478,2048,861,2000
1478,2048,862,2000
1479,2048,862,2000
1479,2048,863,2000
1479,2048,863,2000
1479,2048,864,2000
1480,2048,865,2000
1480,2048,865,2000
1480,2048,866,2000
1480,2048,866,2000
1481,2048,867,2000
1481,2048,867,2000
1481,2048,867,2000
1481,2048,868,2000
1481,2048,868,2000
1481,2048,868,2000
1481,2048,868,2000
1481,2048,868,2000
1481,2048,868,2000
1481,2048,868,2000
1481,2048,867,2000
1481,2048,867,2000
1480,2048,866,2000
1480,2048,865,2000
1479,2048,864,2000
1479,2048,863,2000
1478,2048,862,2000
1478,2048,860,2000
1477,2048,859,2000
1476,2048,858,2000
1476,2048,856,2000
1475,2048,855,2000
1474,2048,854,2000
1474,2048,853,2000
1473,2048,852,2000
1473,2048,851,2000
1473,2048,850,2000
1473,2048,850,2000
1473,2048,851,2000
1474,2048,852,2000
1474,2048,853,2000
1475,2048,855,2000
1477,2048,859,2000
1479,2048,863,2000
1481,2048,868,2000
1484,2048,874,2000
1488,2048,882,2000
1492,2048,891,2000
1497,2048,901,2000
1503,2048,913,2000
1510,2048,927,2000
1517,2048,942,2000
1525,2048,959,2000
1534,2048,977,2000
1543,2048,997,2000
1554,2048,1019,2000
1565,2048,1042,2000
1577,2048,1067,2000
1589,2048,1093,2000
1603,2048,1121,2000
1616,2048,1149,2000
1631,2048,1179,2000
1645,2048,1209,2000
1660,2048,1241,2000
1676,2048,1273,2000
1691,2048,1306,2000
1707,2048,1339,2000
1724,2048,1373,2000
1740,2048,1407,2000
1756,2048,1441,2000
1773,2048,1475,2000
1789,2048,1510,2000
1806,2048,1544,2000
1823,2048,1579,2000
1839,2048,1614,2000
1856,2048,1649,2000
1873,2048,1684,2000
1890,2048,1719,2000
1907,2048,1754,2000
1924,2048,1790,2000
1941,2048,1825,2000
1958,2048,1860,2000
1975,2048,1896,2000
1992,2048,1931,2000
2009,2048,1967,2000
2026,2048,2002,2000
2043,2048,2038,2000
2060,2048,2073,2000
2077,2048,2109,2000
2094,2048,2144,2000
2111,2048,2180,2000
2128,2048,2215,2000
2145,2048,2251,2000
2162,2048,2286,2000
2179,2048,2321,2000
2195,2048,2356,2000
2212,2048,2391,2000
2229,2048,2426,2000
2246,2048,2460,2000
2262,2048,2495,2000
2279,2048,2530,2000
2296,2048,2565,2000
2312,2048,2599,2000
2329,2048,2634,2000
2346,2048,2669,2000
2362,2048,2704,2000
2379,2048,2739,2000
2396,2048,2773,2000
2413,2048,2808,2000
2429,2048,2843,2000
2446,2048,2878,2000
2463,2048,2912,2000
2479,2048,2946,2000
2495,2048,2980,2000
2511,2048,3013,2000
2527,2048,3046,2000
2542,2048,3078,2000
2557,2048,3109,2000
2571,2048,3139,2000
2585,2048,3168,2000
2598,2048,3195,2000
2611,2048,3221,2000
2623,2048,3245,2000
2633,2048,3268,2000
2643,2048,3289,2000
2652,2048,3308,2000
2661,2048,3325,2000
2668,2048,3339,2000
2674,2048,3352,2000
2679,2048,3364,2000
2684,2048,3373,2000
2687,2048,3380,2000
2690,2048,3386,2000
2692,2048,3390,2000
2693,2048,3392,2000
2694,2048,3393,2000
2694,2048,3393,2000
2693,2048,3392,2000
2692,2048,3390,2000
2691,2048,3388,2000
2689,2048,3384,2000
2687,2048,3381,2000
2685,2048,3376,2000
2683,2048,3372,2000
2681,2048,3367,2000
2679,2048,3362,2000
2676,2048,3357,2000
2674,2048,3352,2000
2672,2048,3348,2000
2669,2048,3343,2000
2667,2048,3338,2000
2665,2048,3333,2000
2663,2048,3329,2000
2660,2048,3324,2000
2658,2048,3320,2000
2656,2048,3316,2000
2654,2048,3312,2000
2652,2048,3307,2000
2650,2048,3304,2000
2649,2048,3300,2000
2647,2048,3296,2000
2645,2048,3292,2000
2643,2048,3289,2000
2642,2048,3285,2000
2640,2048,3282,2000
2639,2048,3279,2000
2637,2048,3276,2000
2636,2048,3272,2000
2634,2048,3269,2000
2633,2048,3267,2000
2631,2048,3264,2000
2630,2048,3261,2000
2629,2048,3259,2000
2628,2048,3256,2000
2627,2048,3254,2000
2626,2048,3252,2000
2625,2048,3250,2000
2624,2048,3248,2000
2623,2048,3246,2000
2622,2048,3244,2000
2621,2048,3243,2000
2621,2048,3241,2000
2620,2048,3240,2000
2619,2048,3239,2000
2619,2048,3238,2000
2618,2048,3237,2000
2618,2048,3236,2000
2618,2048,3235,2000
2617,2048,3234,2000
2617,2048,3234,2000
2616,2048,3233,2000
2616,2048,3232,2000
2616,2048,3231,2000
2615,2048,3230,2000
2615,2048,3229,2000
2614,2048,3228,2000
2614,2048,3227,2000
2613,2048,3226,2000
2613,2048,3225,2000
2612,2048,3224,2000
2612,2048,3223,2000
2611,2048,3222,2000
2611,2048,3221,2000
2611,2048,3221,2000
2610,2048,3220,2000
2610,2048,3219,2000
2610,2048,3219,2000
2610,2048,3219,2000
2610,2048,3219,2000
2610,2048,3219,2000
2610,2048,3220,2000
2611,2048,3221,2000
2611,2048,3222,2000
2612,2048,3223,2000
2612,2048,3224,2000
2613,2048,3226,2000
2614,2048,3228,2000
2615,2048,3230,2000
2616,2048,3232,2000
2617,2048,3234,2000
2618,2048,3236,2000
2619,2048,3238,2000
2620,2048,3240,2000
2621,2048,3242,2000
2622,2048,3244,2000
2622,2048,3245,2000
2622,2048,3245,2000
2622,2048,3245,2000
2622,2048,3244,2000
2621,2048,3243,2000
2620,2048,3240,2000
2618,2048,3236,2000
2616,2048,3231,2000
2613,2048,3225,2000
2609,2048,3217,2000
2604,2048,3208,2000
2599,2048,3196,2000
2593,2048,3184,2000
2586,2048,3169,2000
2578,2048,3153,2000
2569,2048,3134,2000
2560,2048,3114,2000
2549,2048,3092,2000
2538,2048,3069,2000
2526,2048,3044,2000
2513,2048,3017,2000
2499,2048,2989,2000
2485,2048,2960,2000
2471,2048,2929,2000
2456,2048,2898,2000
2440,2048,2865,2000
2424,2048,2832,2000
2408,2048,2799,2000
2392,2048,2764,2000
2375,2048,2730,2000
2358,2048,2695,2000
2342,2048,2660,2000
2325,2048,2625,2000
2308,2048,2590,2000
2291,2048,2555,2000
2274,2048,2520,2000
2258,2048,2485,2000
2241,2048,2451,2000
2224,2048,2416,2000
2208,2048,2381,2000
2191,2048,2346,2000
2174,2048,2312,2000
2158,2048,2277,2000
2141,2048,2242,2000
2124,2048,2208,2000
2108,2048,2173,2000
2091,2048,2139,2000
2075,2048,2104,2000
2058,2048,2070,2000
2041,2048,2035,2000
2025,2048,2001,2000
2008,2048,1966,2000
1992,2048,1932,2000
1975,2048,1897,2000
1959,2048,1863,2000
1942,2048,1829,2000
1926,2048,1794,2000
1909,2048,1760,2000
1893,2048,1726,2000
1876,2048,1691,2000
1860,2048,1657,2000
1843,2048,1622,2000
1827,2048,1588,2000
1810,2048,1553,2000
1794,2048,1518,2000
1777,2048,1484,2000
1760,2048,1448,2000
1743,2048,1413,2000
1726,2048,1378,2000
1709,2048,1342,2000
1692,2048,1307,2000
1675,2048,1271,2000
1658,2048,1236,2000
1641,2048,1200,2000
1624,2048,1165,2000
1607,2048,1130,2000
1591,2048,1095,2000
1574,2048,1061,2000
1558,2048,1028,2000
1543,2048,996,2000
1528,2048,965,2000
1513,2048,935,2000
1500,2048,906,2000
1487,2048,879,2000
1474,2048,853,2000
1463,2048,830,2000
1452,2048,808,2000
1443,2048,788,2000
1434,2048,770,2000
1426,2048,754,2000
1420,2048,739,2000
1414,2048,727,2000
1409,2048,717,2000
1405,2048,709,2000
1402,2048,702,2000
1399,2048,697,2000
1398,2048,694,2000
1397,2048,692,2000
1396,2048,691,2000
1396,2048,691,2000
1397,2048,692,2000
1398,2048,695,2000
1399,2048,697,2000
1401,2048,701,2000
1403,2048,704,2000
1405,2048,709,2000
1407,2048,713,2000
1409,2048,718,2000
1411,2048,722,2000
1414,2048,727,2000
1416,2048,732,2000
1418,2048,737,2000
1421,2048,742,2000
1423,2048,747,2000
1425,2048,751,2000
1428,2048,756,2000
1430,2048,760,2000
1432,2048,765,2000
1434,2048,769,2000
1436,2048,773,2000
1438,2048,777,2000
1440,2048,781,2000
1441,2048,785,2000
1443,2048,789,2000
1445,2048,792,2000
1447,2048,796,2000
1448,2048,799,2000
1450,2048,803,2000
1452,2048,806,2000
1453,2048,810,2000
1455,2048,813,2000
1456,2048,817,2000
1458,2048,820,2000
1460,2048,823,2000
1461,2048,826,2000
1463,2048,829,2000
1464,2048,832,2000
1466,2048,836,2000
1467,2048,838,2000
1468,2048,841,2000
1470,2048,844,2000
1471,2048,847,2000
1472,2048,849,2000
1473,2048,852,2000
1474,2048,854,2000
1475,2048,856,2000
1476,2048,858,2000
1477,2048,860,2000
1478,2048,862,2000
1479,2048,863,2000
1480,2048,865,2000
1480,2048,866,2000
1481,2048,867,2000
1482,2048,869,2000
1482,2048,870,2000
1482,2048,871,2000
1483,2048,871,2000
1483,2048,872,2000
1484,2048,873,2000
1484,2048,873,2000
1484,2048,874,2000
1484,2048,874,2000
1485,2048,875,2000
1485,2048,875,2000
1485,2048,875,2000
1485,2048,875,2000
1485,2048,875,2000
1485,2048,875,2000
1485,2048,875,2000
1485,2048,875,2000
1485,2048,875,2000
1484,2048,874,2000
1484,2048,874,2000
1484,2048,873,2000
1484,2048,873,2000
1483,2048,872,2000
1483,2048,871,2000
1482,2048,870,2000
1482,2048,869,2000
1481,2048,868,2000
1481,2048,867,2000
1480,2048,865,2000
1479,2048,864,2000
1479,2048,863,2000
1478,2048,862,2000
1478,2048,861,2000
1478,2048,860,2000
1478,2048,860,2000
1478,2048,860,2000
1478,2048,861,2000
1479,2048,862,2000
1480,2048,864,2000
1481,2048,867,2000
1483,2048,871,2000
1485,2048,876,2000
1488,2048,883,2000
1492,2048,890,2000
1496,2048,899,2000
1501,2048,910,2000
1507,2048,922,2000
1514,2048,936,2000
1521,2048,951,2000
1529,2048,968,2000
1538,2048,987,2000
1548,2048,1007,2000
1558,2048,1028,2000
1569,2048,1052,2000
1581,2048,1076,2000
1594,2048,1102,2000
1607,2048,1129,2000
1620,2048,1158,2000
1635,2048,1187,2000
1649,2048,1218,2000
1664,2048,1249,2000
1680,2048,1281,2000
1695,2048,1314,2000
1711,2048,1347,2000
1727,2048,1381,2000
1744,2048,1415,2000
1760,2048,1450,2000
1777,2048,1484,2000
1794,2048,1519,2000
1811,2048,1555,2000
1828,2048,1590,2000
1845,2048,1625,2000
1861,2048,1660,2000
1878,2048,1695,2000
1895,2048,1730,2000
1912,2048,1765,2000
1929,2048,1800,2000
1945,2048,1835,2000
1962,2048,1869,2000
1979,2048,1904,2000
1995,2048,1938,2000
2011,2048,1972,2000
2028,2048,2007,2000
2044,2048,2041,2000
2060,2048,2074,2000
2077,2048,2108,2000
2093,2048,2142,2000
2109,2048,2176,2000
2125,2048,2210,2000
2142,2048,2244,2000
2158,2048,2278,2000
2174,2048,2312,2000
2191,2048,2346,2000
2207,2048,2380,2000
2224,2048,2415,2000
2240,2048,2450,2000
2257,2048,2484,2000
2274,2048,2520,2000
2291,2048,2555,2000
2308,2048,2590,2000
2325,2048,2626,2000
2342,2048,2661,2000
2359,2048,2697,2000
2376,2048,2733,2000
2394,2048,2769,2000
2411,2048,2804,2000
2428,2048,2840,2000
2445,2048,2875,2000
2462,2048,2910,2000
2478,2048,2945,2000
2495,2048,2980,2000
2511,2048,3013,2000
2527,2048,3046,2000
2542,2048,3079,2000
2557,2048,3110,2000
2572,2048,3140,2000
2586,2048,3169,2000
2599,2048,3196,2000
2611,2048,3222,2000
2623,2048,3246,2000
2634,2048,3269,2000
2644,2048,3289,2000
2653,2048,3308,2000
2661,2048,3325,2000
2668,2048,3340,2000
2674,2048,3352,2000
2679,2048,3363,2000
2683,2048,3372,2000
2687,2048,3379,2000
2689,2048,3385,2000
2691,2048,3389,2000
2692,2048,3391,2000
2693,2048,3392,2000
2693,2048,3392,2000
2692,2048,3391,2000
2691,2048,3389,2000
2690,2048,3386,2000
2688,2048,3383,2000
2687,2048,3379,2000
2685,2048,3375,2000
2683,2048,3371,2000
2681,2048,3366,2000
2678,2048,3362,2000
2676,2048,3357,2000
2674,2048,3353,2000
2672,2048,3348,2000
2670,2048,3344,2000
2668,2048,3340,2000
2666,2048,3335,2000
2664,2048,3331,2000
2662,2048,3327,2000
2659,2048,3322,2000
2657,2048,3318,2000
2655,2048,3314,2000
2653,2048,3309,2000
2651,2048,3305,2000
2649,2048,3301,2000
2647,2048,3296,2000
2645,2048,3292,2000
2643,2048,3288,2000
2641,2048,3284,2000
2639,2048,3280,2000
2637,2048,3276,2000
2636,2048,3273,2000
2634,2048,3269,2000
2633,2048,3266,2000
2631,2048,3263,2000
2630,2048,3261,2000
2629,2048,3258,2000
2628,2048,3256,2000
2627,2048,3254,2000
2626,2048,3252,2000
2625,2048,3251,2000
2624,2048,3249,2000
2624,2048,3248,2000
2623,2048,3247,2000
2623,2048,3246,2000
2622,2048,3245,2000
2622,2048,3244,2000
2621,2048,3243,2000
2621,2048,3241,2000
2620,2048,3240,2000
2620,2048,3239,2000
2619,2048,3238,2000
2619,2048,3237,2000
2618,2048,3236,2000
2617,2048,3235,2000
2617,2048,3234,2000
2616,2048,3233,2000
2616,2048,3231,2000
2615,2048,3230,2000
2615,2048,3229,2000
2614,2048,3228,2000
2613,2048,3227,2000
2613,2048,3225,2000
2612,2048,3224,2000
2612,2048,3223,2000
2611,2048,3222,2000
2611,2048,3221,2000
2610,2048,3220,2000
2610,2048,3219,2000
2610,2048,3219,2000
2609,2048,3218,2000
2609,2048,3218,2000
2609,2048,3217,2000
2609,2048,3217,2000
2609,2048,3218,2000
2609,2048,3218,2000
2610,2048,3219,2000
2610,2048,3220,2000
2611,2048,3221,2000
2611,2048,3222,2000
2612,2048,3224,2000
2613,2048,3226,2000
2614,2048,3228,2000
2615,2048,3230,2000
2616,2048,3232,2000
2617,2048,3234,2000
2618,2048,3237,2000
2619,2048,3239,2000
2620,2048,3240,2000
2621,2048,3242,2000
2621,2048,3243,2000
2622,2048,3244,2000
2622,2048,3244,2000
2621,2048,3243,2000
2620,2048,3241,2000
2619,2048,3238,2000
2617,2048,3234,2000
2615,2048,3229,2000
2612,2048,3223,2000
2608,2048,3215,2000
2603,2048,3205,2000
2598,2048,3194,2000
2592,2048,3181,2000
2585,2048,3167,2000
2577,2048,3150,2000
2568,2048,3132,2000
2559,2048,3113,2000
2549,2048,3091,2000
2538,2048,3068,2000
2526,2048,3044,2000
2514,2048,3018,2000
2500,2048,2991,2000
2487,2048,2963,2000
2473,2048,2933,2000
2458,2048,2903,2000
2443,2048,2872,2000
2428,2048,2840,2000
2412,2048,2807,2000
2396,2048,2774,2000
2380,2048,2740,2000
2364,2048,2706,2000
2347,2048,2672,2000
2330,2048,2637,2000
2314,2048,2602,2000
2297,2048,2567,2000
2280,2048,2532,2000
2263,2048,2497,2000
2246,2048,2461,2000
2229,2048,2426,2000
2212,2048,2390,2000
2195,2048,2355,2000
2178,2048,2319,2000
2161,2048,2283,2000
2144,2048,2248,2000
2127,2048,2212,2000
2110,2048,2177,2000
2093,2048,2141,2000
2075,2048,2106,2000
2058,2048,2070,2000
2042,2048,2035,2000
2025,2048,2000,2000
2008,2048,1964,2000
1991,2048,1929,2000
1974,2048,1894,2000
1957,2048,1859,2000
1940,2048,1824,2000
1923,2048,1789,2000
1907,2048,1754,2000
1890,2048,1719,2000
1873,2048,1684,2000
1856,2048,1649,2000
1839,2048,1614,2000
1822,2048,1579,2000
1806,2048,1543,2000
1789,2048,1508,2000
1772,2048,1473,2000
1755,2048,1438,2000
1738,2048,1403,2000
1721,2048,1367,2000
1704,2048,1332,2000
1687,2048,1297,2000
1671,2048,1262,2000
1654,2048,1228,2000
1637,2048,1193,2000
1621,2048,1159,2000
1605,2048,1125,2000
1589,2048,1092,2000
1573,2048,1059,2000
1558,2048,1027,2000
1543,2048,996,2000
1528,2048,966,2000
1515,2048,937,2000
1501,2048,910,2000
1489,2048,883,2000
1477,2048,859,2000
1466,2048,836,2000
1456,2048,814,2000
1446,2048,795,2000
1438,2048,777,2000
1430,2048,761,2000
1424,2048,748,2000
1418,2048,736,2000
1413,2048,726,2000
1409,2048,718,2000
1407,2048,712,2000
1404,2048,707,2000
1403,2048,705,2000
1402,2048,703,2000
1402,2048,703,2000
1403,2048,705,2000
1404,2048,707,2000
1406,2048,710,2000
1408,2048,714,2000
1410,2048,719,2000
1412,2048,724,2000
1415,2048,729,2000
1417,2048,735,2000
1420,2048,740,2000
1423,2048,746,2000
1426,2048,752,2000
1428,2048,757,2000
1431,2048,763,2000
1433,2048,768,2000
1435,2048,772,2000
1438,2048,777,2000
1440,2048,781,2000
1441,2048,785,2000
1443,2048,788,2000
1445,2048,792,2000
1446,2048,795,2000
1448,2048,798,2000
1449,2048,800,2000
1450,2048,803,2000
1451,2048,806,2000
1453,2048,808,2000
1454,2048,811,2000
1455,2048,813,2000
1456,2048,816,2000
1458,2048,819,2000
1459,2048,822,2000
1460,2048,825,2000
1462,2048,828,2000
1463,2048,830,2000
1465,2048,834,2000
1466,2048,836,2000
1468,2048,839,2000
1469,2048,842,2000
1470,2048,845,2000
1472,2048,848,2000
1473,2048,850,2000
1474,2048,852,2000
1475,2048,854,2000
1476,2048,856,2000
1476,2048,858,2000
1477,2048,859,2000
1478,2048,860,2000
1478,2048,862,2000
1479,2048,863,2000
1479,2048,863,2000
1479,2048,864,2000
1480,2048,865,2000
1480,2048,865,2000
1480,2048,866,2000
1480,2048,866,2000
1481,2048,867,2000
1481,2048,867,2000
1481,2048,867,2000
1481,2048,868,2000
1481,2048,868,2000
1481,2048,868,2000
1481,2048,868,2000
1481,2048,868,2000
1481,2048,868,2000
1481,2048,868,2000
1481,2048,868,2000
1481,2048,867,2000
1481,2048,866,2000
1480,2048,866,2000
1480,2048,865,2000
1479,2048,864,2000
1479,2048,862,2000
1478,2048,861,2000
1477,2048,860,2000
1477,2048,858,2000
1476,2048,857,2000
1475,2048,855,2000
1475,2048,854,2000
1474,2048,852,2000
1473,2048,851,2000
1472,2048,849,2000
1472,2048,848,2000
1471,2048,847,2000
1471,2048,845,2000
1470,2048,844,2000
1470,2048,844,2000
1469,2048,843,2000
1469,2048,843,2000
1469,2048,843,2000
1470,2048,844,2000
1470,2048,845,2000
1471,2048,847,2000
1473,2048,850,2000
1475,2048,854,2000
1477,2048,859,2000
1480,2048,865,2000
1483,2048,872,2000
1488,2048,881,2000
1492,2048,891,2000
1498,2048,903,2000
1504,2048,916,2000
1511,2048,930,2000
1519,2048,947,2000
1528,2048,965,2000
1537,2048,984,2000
1547,2048,1005,2000
1558,2048,1028,2000
1569,2048,1051,2000
1581,2048,1077,2000
1594,2048,1103,2000
1607,2048,1130,2000
1621,2048,1159,2000
1635,2048,1188,2000
1650,2048,1218,2000
1664,2048,1249,2000
1679,2048,1281,2000
1695,2048,1313,2000
1710,2048,1345,2000
1726,2048,1378,2000
1742,2048,1411,2000
1758,2048,1444,2000
1774,2048,1478,2000
1790,2048,1512,2000
1807,2048,1546,2000
1823,2048,1580,2000
1839,2048,1614,2000
1856,2048,1649,2000
1873,2048,1684,2000
1889,2048,1718,2000
1906,2048,1754,2000
1923,2048,1789,2000
1940,2048,1824,2000
1957,2048,1860,2000
1974,2048,1895,2000
1991,2048,1931,2000
2009,2048,1966,2000
2026,2048,2002,2000
2043,2048,2038,2000
2060,2048,2073,2000
2077,2048,2109,2000
2094,2048,2145,2000
2111,2048,2180,2000
2128,2048,2215,2000
2145,2048,2250,2000
2162,2048,2285,2000
2178,2048,2320,2000
2195,2048,2355,2000
2212,2048,2390,2000
2228,2048,2424,2000
2245,2048,2458,2000
2261,2048,2493,2000
2278,2048,2527,2000
2294,2048,2561,2000
2311,2048,2596,2000
2327,2048,2630,2000
2343,2048,2664,2000
2360,2048,2699,2000
2376,2048,2733,2000
2393,2048,2767,2000
2409,2048,2802,2000
2426,2048,2836,2000
2442,2048,2870,2000
2459,2048,2905,2000
2475,2048,2938,2000
2491,2048,2972,2000
2507,2048,3005,2000
2523,2048,3038,2000
2538,2048,3070,2000
2553,2048,3102,2000
2568,2048,3132,2000
2582,2048,3161,2000
2596,2048,3190,2000
2609,2048,3216,2000
2621,2048,3242,2000
2632,2048,3266,2000
2643,2048,3287,2000
2652,2048,3308,2000
2661,2048,3326,2000
2669,2048,3342,2000
2676,2048,3357,2000
2682,2048,3369,2000
2687,2048,3380,2000
2691,2048,3388,2000
2694,2048,3395,2000
2697,2048,3400,2000
2698,2048,3404,2000
2699,2048,3406,2000
2700,2048,3406,2000
2700,2048,3406,2000
2699,2048,3404,2000
2698,2048,3402,2000
2696,2048,3398,2000
2694,2048,3395,2000
2692,2048,3390,2000
2690,2048,3385,2000
2687,2048,3380,2000
2685,2048,3375,2000
2682,2048,3370,2000
2680,2048,3364,2000
2677,2048,3359,2000
2674,2048,3353,2000
2672,2048,3348,2000
2669,2048,3342,2000
2666,2048,3337,2000
2664,2048,3332,2000
2661,2048,3327,2000
2659,2048,3322,2000
2657,2048,3317,2000
2654,2048,3312,2000
2652,2048,3307,2000
2650,2048,3302,2000
2648,2048,3298,2000
2645,2048,3293,2000
2643,2048,3289,2000
2641,2048,3285,2000
2639,2048,3281,2000
2637,2048,3277,2000
2636,2048,3273,2000
2634,2048,3269,2000
2632,2048,3266,2000
2631,2048,3263,2000
2629,2048,3259,2000
2628,2048,3256,2000
2626,2048,3253,2000
2625,2048,3251,2000
2624,2048,3248,2000
2622,2048,3245,2000
2621,2048,3243,2000
2620,2048,3241,2000
2619,2048,3239,2000
2618,2048,3236,2000
2617,2048,3234,2000
2616,2048,3233,2000
2615,2048,3231,2000
2614,2048,3229,2000
2614,2048,3227,2000
2613,2048,3226,2000
2612,2048,3224,2000
2612,2048,3223,2000
2611,2048,3222,2000
2611,2048,3221,2000
2610,2048,3220,2000
2610,2048,3219,2000
2609,2048,3218,2000
2609,2048,3218,2000
2609,2048,3217,2000
2609,2048,3217,2000
2609,2048,3217,2000
2609,2048,3216,2000
2608,2048,3216,2000
2608,2048,3216,2000
2609,2048,3217,2000
2609,2048,3217,2000
2609,2048,3217,2000
2609,2048,3218,2000
2609,2048,3218,2000
2610,2048,3219,2000
2610,2048,3220,2000
2610,2048,3220,2000
2611,2048,3221,2000
2611,2048,3223,2000
2612,2048,3224,2000
2613,2048,3225,2000
2613,2048,3227,2000
2614,2048,3228,2000
2615,2048,3230,2000
2616,2048,3232,2000
2617,2048,3234,2000
2617,2048,3235,2000
2618,2048,3237,2000
2619,2048,3239,2000
2620,2048,3241,2000
2621,2048,3242,2000
2621,2048,3243,2000
2622,2048,3244,2000
2622,2048,3245,2000
2622,2048,3245,2000
2622,2048,3245,2000
2621,2048,3244,2000
2621,2048,3242,2000
2619,2048,3239,2000
2618,2048,3236,2000
2615,2048,3231,2000
2613,2048,3225,2000
2609,2048,3218,2000
2605,2048,3210,2000
2601,2048,3200,2000
2595,2048,3188,2000
2589,2048,3175,2000
2582,2048,3161,2000
2574,2048,3144,2000
2565,2048,3126,2000
2556,2048,3107,2000
2546,2048,3086,2000
2535,2048,3063,2000
2523,2048,3038,2000
2511,2048,3013,2000
2498,2048,2986,2000
2484,2048,2957,2000
2470,2048,2928,2000
2455,2048,2897,2000
2440,2048,2866,2000
2425,2048,2833,2000
2409,2048,2800,2000
2393,2048,2767,2000
2377,2048,2733,2000
2360,2048,2699,2000
2344,2048,2664,2000
2327,2048,2630,2000
2310,2048,2595,2000
2293,2048,2560,2000
2277,2048,2525,2000
2260,2048,2490,2000
2243,2048,2455,2000
2226,2048,2420,2000
2210,2048,2386,2000
2193,2048,2351,2000
2177,2048,2316,2000
2160,2048,2282,2000
2143,2048,2247,2000
2127,2048,2213,2000
2110,2048,2178,2000
2094,2048,2144,2000
2077,2048,2110,2000
2061,2048,2075,2000
2044,2048,2041,2000
2028,2048,2006,2000
2011,2048,1972,2000
1995,2048,1937,2000
1978,2048,1902,2000
1961,2048,1867,2000
1944,2048,1832,2000
1927,2048,1797,2000
1910,2048,1762,2000
1893,2048,1726,2000
1876,2048,1690,2000
1859,2048,1654,2000
1842,2048,1618,2000
1824,2048,1582,2000
1807,2048,1546,2000
1789,2048,1510,2000
1772,2048,1474,2000
1755,2048,1437,2000
1737,2048,1401,2000
1720,2048,1365,2000
1703,2048,1329,2000
1686,2048,1294,2000
1669,2048,1259,2000
1652,2048,1223,2000
1635,2048,1189,2000
1619,2048,1154,2000
1603,2048,1121,2000
1587,2048,1087,2000
1571,2048,1055,2000
1556,2048,1023,2000
1541,2048,992,2000
1526,2048,962,2000
1512,2048,933,2000
1499,2048,905,2000
1486,2048,878,2000
1474,2048,853,2000
1463,2048,829,2000
1452,2048,808,2000
1443,2048,787,2000
1434,2048,769,2000
1426,2048,752,2000
1419,2048,738,2000
1413,2048,725,2000
1408,2048,714,2000
1403,2048,706,2000
1400,2048,699,2000
1397,2048,693,2000
1396,2048,690,2000
1394,2048,687,2000
1394,2048,686,2000
1394,2048,687,2000
1395,2048,688,2000
1396,2048,691,2000
1397,2048,694,2000
1399,2048,697,2000
1401,2048,701,2000
1403,2048,705,2000
1405,2048,710,2000
1408,2048,715,2000
1410,2048,720,2000
1412,2048,724,2000
1415,2048,729,2000
1417,2048,734,2000
1419,2048,739,2000
1422,2048,744,2000
1424,2048,749,2000
1426,2048,754,2000
1429,2048,758,2000
1431,2048,763,2000
1434,2048,768,2000
1436,2048,773,2000
1438,2048,778,2000
1441,2048,783,2000
1443,2048,788,2000
1446,2048,793,2000
1448,2048,798,2000
1450,2048,803,2000
1452,2048,807,2000
1454,2048,812,2000
1456,2048,816,2000
1458,2048,820,2000
1460,2048,824,2000
1462,2048,827,2000
1463,2048,831,2000
1465,2048,834,2000
1466,2048,837,2000
1468,2048,840,2000
1469,2048,842,2000
1470,2048,845,2000
1471,2048,847,2000
1472,2048,849,2000
1473,2048,851,2000
1474,2048,853,2000
1475,2048,855,2000
1476,2048,857,2000
1477,2048,858,2000
1477,2048,860,2000
1478,2048,861,2000
1479,2048,862,2000
1479,2048,863,2000
1480,2048,865,2000
1480,2048,866,2000
1481,2048,867,2000
1481,2048,867,2000
1481,2048,868,2000
1482,2048,869,2000
1482,2048,870,2000
1483,2048,870,2000
1483,2048,871,2000
1483,2048,872,2000
1483,2048,872,2000
1484,2048,873,2000
1484,2048,873,2000
1484,2048,873,2000
1484,2048,874,2000
1484,2048,874,2000
1484,2048,874,2000
1484,2048,874,2000
1484,2048,874,2000
1484,2048,874,2000
1484,2048,874,2000
1484,2048,873,2000
1484,2048,873,2000
1483,2048,872,2000
1483,2048,871,2000
1482,2048,870,2000
1482,2048,869,2000
1481,2048,868,2000
1481,2048,867,2000
1480,2048,865,2000
1479,2048,864,2000
1479,2048,862,2000
1478,2048,861,2000
1477,2048,859,2000
1476,2048,857,2000
1476,2048,856,2000
1475,2048,855,2000
1474,2048,853,2000
1474,2048,853,2000
1474,2048,852,2000
1474,2048,852,2000
1474,2048,852,2000
1474,2048,854,2000
1475,2048,855,2000
1477,2048,858,2000
1479,2048,862,2000
1481,2048,868,2000
1484,2048,874,2000
1488,2048,882,2000
1493,2048,892,2000
1498,2048,903,2000
1504,2048,916,2000
1511,2048,930,2000
1519,2048,947,2000
1528,2048,965,2000
1537,2048,985,2000
1548,2048,1007,2000
1559,2048,1030,2000
1571,2048,1055,2000
1584,2048,1082,2000
1598,2048,1110,2000
1612,2048,1139,2000
1626,2048,1170,2000
1641,2048,1201,2000
1657,2048,1234,2000
1673,2048,1267,2000
1689,2048,1300,2000
1705,2048,1334,2000
1722,2048,1369,2000
1739,2048,1404,2000
1755,2048,1439,2000
1772,2048,1474,2000
1789,2048,1509,2000
1806,2048,1544,2000
1823,2048,1579,2000
1840,2048,1615,2000
1857,2048,1650,2000
1874,2048,1685,2000
1890,2048,1720,2000
1907,2048,1755,2000
1924,2048,1791,2000
1941,2048,1826,2000
1958,2048,1861,2000
1975,2048,1896,2000
1992,2048,1932,2000
2009,2048,1967,2000
2026,2048,2002,2000
2043,2048,2037,2000
2060,2048,2073,2000
2077,2048,2108,2000
2093,2048,2143,2000
2110,2048,2179,2000
2127,2048,2214,2000
2144,2048,2249,2000
2161,2048,2285,2000
2178,2048,2320,2000
2195,2048,2355,2000
2212,2048,2390,2000
2229,2048,2425,2000
2246,2048,2461,2000
2263,2048,2496,2000
2280,2048,2531,2000
2296,2048,2566,2000
2313,2048,2602,2000
2330,2048,2637,2000
2347,2048,2672,2000
2364,2048,2708,2000
2381,2048,2743,2000
2398,2048,2778,2000
2415,2048,2814,2000
2432,2048,2849,2000
2449,2048,2884,2000
2466,2048,2919,2000
2482,2048,2953,2000
2499,2048,2987,2000
2515,2048,3021,2000
2531,2048,3054,2000
2546,2048,3086,2000
2561,2048,3117,2000
2575,2048,3147,2000
2589,2048,3176,2000
2602,2048,3203,2000
2615,2048,3229,2000
2626,2048,3253,2000
2637,2048,3276,2000
2647,2048,3296,2000
2656,2048,3315,2000
2664,2048,3332,2000
2671,2048,3347,2000
2678,2048,3360,2000
2683,2048,3371,2000
2687,2048,3381,2000
2691,2048,3388,2000
2694,2048,3394,2000
2696,2048,3398,2000
2698,2048,3401,2000
2698,2048,3403,2000
2699,2048,3404,2000
2698,2048,3403,2000
2698,2048,3402,2000
2697,2048,3400,2000
2695,2048,3397,2000
2694,2048,3394,2000
2692,2048,3390,2000
2690,2048,3386,2000
2688,2048,3382,2000
2686,2048,3377,2000
2684,2048,3373,2000
2681,2048,3368,2000
2679,2048,3363,2000
2677,2048,3358,2000
2674,2048,3354,2000
2672,2048,3349,2000
2670,2048,3344,2000
2667,2048,3339,2000
2665,2048,3334,2000
2663,2048,3329,2000
2660,2048,3324,2000
2658,2048,3319,2000
2656,2048,3315,2000
2654,2048,3310,2000
2651,2048,3306,2000
2649,2048,3301,2000
2647,2048,3297,2000
2646,2048,3293,2000
2644,2048,3290,2000
2642,2048,3286,2000
2640,2048,3283,2000
2639,2048,3279,2000
2637,2048,3276,2000
2636,2048,3273,2000
2634,2048,3270,2000
2633,2048,3268,2000
2632,2048,3265,2000
2631,2048,3262,2000
2629,2048,3260,2000
2628,2048,3257,2000
2627,2048,3255,2000
2626,2048,3252,2000
2624,2048,3250,2000
2623,2048,3247,2000
2622,2048,3245,2000
2621,2048,3243,2000
2620,2048,3240,2000
2619,2048,3238,2000
2618,2048,3236,2000
2617,2048,3234,2000
2616,2048,3232,2000
2615,2048,3231,2000
2615,2048,3229,2000
2614,2048,3228,2000
2613,2048,3227,2000
2613,2048,3226,2000
2613,2048,3225,2000
2612,2048,3224,2000
2612,2048,3224,2000
2612,2048,3224,2000
2612,2048,3224,2000
2612,2048,3224,2000
2612,2048,3224,2000
2612,2048,3224,2000
2612,2048,3224,2000
2612,2048,3224,2000
2612,2048,3224,2000
2612,2048,3224,2000
2612,2048,3224,2000
2612,2048,3224,2000
2612,2048,3224,2000
2612,2048,3224,2000
2612,2048,3224,2000
2612,2048,3224,2000
2612,2048,3225,2000
2613,2048,3225,2000
2613,2048,3225,2000
2613,2048,3225,2000
2613,2048,3226,2000
2613,2048,3227,2000
2614,2048,3227,2000
2614,2048,3228,2000
2615,2048,3229,2000
2615,2048,3231,2000
2616,2048,3232,2000
2616,2048,3233,2000
2617,2048,3234,2000
2618,2048,3235,2000
2618,2048,3236,2000
2618,2048,3237,2000
2618,2048,3237,2000
2618,2048,3237,2000
2618,2048,3236,2000
2617,2048,3234,2000
2616,2048,3231,2000
2614,2048,3227,2000
2611,2048,3222,2000
2608,2048,3216,2000
2605,2048,3208,2000
2600,2048,3199,2000
2595,2048,3188,2000
2589,2048,3176,2000
2582,2048,3162,2000
2574,2048,3146,2000
2566,2048,3128,2000
2557,2048,3108,2000
2546,2048,3087,2000
2535,2048,3064,2000
2524,2048,3040,2000
2511,2048,3014,2000
2498,2048,2987,2000
2484,2048,2958,2000
2470,2048,2928,2000
2455,2048,2897,2000
2440,2048,2866,2000
2424,2048,2833,2000
2408,2048,2800,2000
2392,2048,2766,2000
2376,2048,2732,2000
2359,2048,2697,2000
2342,2048,2662,2000
2325,2048,2627,2000
2308,2048,2591,2000
2291,2048,2556,2000
2274,2048,2520,2000
2257,2048,2484,2000
2240,2048,2449,2000
2223,2048,2413,2000
2206,2048,2378,2000
2189,2048,2342,2000
2172,2048,2307,2000
2155,2048,2272,2000
2138,2048,2237,2000
2121,2048,2202,2000
2105,2048,2167,2000
2088,2048,2132,2000
2071,2048,2097,2000
2055,2048,2063,2000
2038,2048,2028,2000
2022,2048,1994,2000
2005,2048,1959,2000
1988,2048,1925,2000
1972,2048,1890,2000
1955,2048,1855,2000
1939,2048,1821,2000
1922,2048,1786,2000
1905,2048,1751,2000
1889,2048,1716,2000
1872,2048,1681,2000
1855,2048,1647,2000
1838,2048,1612,2000
1821,2048,1577,2000
1805,2048,1542,2000
1788,2048,1507,2000
1771,2048,1472,2000
1754,2048,1437,2000
1738,2048,1402,2000
1721,2048,1367,2000
1704,2048,1332,2000
1688,2048,1298,2000
1671,2048,1264,2000
1655,2048,1230,2000
1639,2048,1196,2000
1623,2048,1162,2000
1607,2048,1129,2000
1591,2048,1097,2000
1576,2048,1065,2000
1561,2048,1034,2000
1546,2048,1003,2000
1532,2048,973,2000
1518,2048,944,2000
1505,2048,917,2000
1492,2048,890,2000
1480,2048,865,2000
1469,2048,842,2000
1458,2048,820,2000
1448,2048,799,2000
1439,2048,780,2000
1431,2048,763,2000
1424,2048,748,2000
1417,2048,735,2000
1412,2048,723,2000
1407,2048,713,2000
1403,2048,705,2000
1400,2048,699,2000
1398,2048,694,2000
1396,2048,690,2000
1395,2048,688,2000
1395,2048,688,2000
1395,2048,688,2000
1395,2048,689,2000
1396,2048,691,2000
1398,2048,694,2000
1400,2048,698,2000
1402,2048,702,2000
1404,2048,706,2000
1406,2048,711,2000
1409,2048,717,2000
1411,2048,722,2000
1414,2048,728,2000
1417,2048,734,2000
1420,2048,740,2000
1422,2048,745,2000
1425,2048,751,2000
1428,2048,757,2000
1431,2048,763,2000
1433,2048,769,2000
1436,2048,774,2000
1439,2048,779,2000
1441,2048,785,2000
1444,2048,790,2000
1446,2048,795,2000
1448,2048,799,2000
1450,2048,804,2000
1452,2048,808,2000
1454,2048,812,2000
1456,2048,816,2000
1458,2048,819,2000
1459,2048,823,2000
1461,2048,826,2000
1462,2048,829,2000
1464,2048,831,2000
1465,2048,834,2000
1466,2048,836,2000
1467,2048,838,2000
1468,2048,840,2000
1469,2048,842,2000
1470,2048,844,2000
1470,2048,845,2000
1471,2048,847,2000
1472,2048,848,2000
1472,2048,849,2000
1473,2048,850,2000
1473,2048,851,2000
1474,2048,852,2000
1474,2048,853,2000
1474,2048,854,2000
1475,2048,854,2000
1475,2048,855,2000
1475,2048,856,2000
1476,2048,856,2000
1476,2048,857,2000
1476,2048,858,2000
1477,2048,859,2000
1477,2048,859,2000
1477,2048,860,2000
1478,2048,861,2000
1478,2048,862,2000
1479,2048,863,2000
1479,2048,864,2000
1480,2048,865,2000
1480,2048,866,2000
1480,2048,866,2000
1481,2048,867,2000
1481,2048,868,2000
1481,2048,869,2000
1482,2048,869,2000
1482,2048,869,2000
1482,2048,870,2000
1482,2048,870,2000
1482,2048,870,2000
1482,2048,869,2000
1482,2048,869,2000
1481,2048,868,2000
1481,2048,868,2000
1481,2048,867,2000
1480,2048,866,2000
1480,2048,865,2000
1479,2048,864,2000
1479,2048,862,2000
1478,2048,861,2000
1478,2048,860,2000
1477,2048,859,2000
1477,2048,858,2000
1476,2048,857,2000
1476,2048,857,2000
1476,2048,857,2000
1476,2048,857,2000
1476,2048,857,2000
1477,2048,858,2000
1478,2048,860,2000
1479,2048,863,2000
1481,2048,866,2000
1483,2048,871,2000
1485,2048,876,2000
1489,2048,883,2000
1493,2048,892,2000
1497,2048,901,2000
1503,2048,913,2000
1509,2048,926,2000
1516,2048,940,2000
1524,2048,957,2000
1533,2048,975,2000
1542,2048,995,2000
1552,2048,1016,2000
1564,2048,1039,2000
1576,2048,1064,2000
1588,2048,1091,2000
1602,2048,1119,2000
1616,2048,1148,2000
1630,2048,1178,2000
1645,2048,1209,2000
1661,2048,1242,2000
1677,2048,1275,2000
1693,2048,1308,2000
1709,2048,1343,2000
1726,2048,1377,2000
1743,2048,1412,2000
1760,2048,1448,2000
1777,2048,1483,2000
1794,2048,1519,2000
1811,2048,1555,2000
1828,2048,1590,2000
1845,2048,1626,2000
1862,2048,1662,2000
1879,2048,1697,2000
1897,2048,1733,2000
1914,2048,1768,2000
1931,2048,1804,2000
1948,2048,1839,2000
1965,2048,1875,2000
1981,2048,1910,2000
1998,2048,1945,2000
2015,2048,1980,2000
2032,2048,2015,2000
2048,2048,2049,2000
2065,2048,2084,2000
2082,2048,2119,2000
2098,2048,2153,2000
2115,2048,2187,2000
2131,2048,2222,2000
2147,2048,2256,2000
2164,2048,2290,2000
2180,2048,2324,2000
2197,2048,2358,2000
2213,2048,2392,2000
2229,2048,2426,2000
2246,2048,2460,2000
2262,2048,2494,2000
2278,2048,2529,2000
2295,2048,2563,2000
2311,2048,2597,2000
2328,2048,2632,2000
2345,2048,2666,2000
2361,2048,2701,2000
2378,2048,2736,2000
2395,2048,2771,2000
2411,2048,2806,2000
2428,2048,2840,2000
2445,2048,2875,2000
2461,2048,2910,2000
2478,2048,2944,2000
2494,2048,2978,2000
2510,2048,3011,2000
2526,2048,3044,2000
2541,2048,3076,2000
2556,2048,3107,2000
2571,2048,3137,2000
2584,2048,3166,2000
2598,2048,3193,2000
2610,2048,3220,2000
2622,2048,3244,2000
2633,2048,3267,2000
2643,2048,3288,2000
2652,2048,3307,2000
2660,2048,3324,2000
2668,2048,3340,2000
2674,2048,3353,2000
2680,2048,3364,2000
2684,2048,3374,2000
2688,2048,3381,2000
