0,2148,0,2100
0,2148,0,2100
0,2148,0,2100
1,2147,1,2099
3,2147,2,2099
6,2147,3,2099
10,2147,6,2099
16,2147,9,2099
24,2146,14,2098
34,2146,20,2098
48,2146,28,2098
65,2146,38,2098
87,2146,50,2098
112,2145,65,2097
143,2145,83,2097
178,2145,103,2097
217,2145,126,2097
262,2145,152,2097
311,2144,180,2096
364,2144,210,2096
420,2144,243,2096
480,2144,278,2096
542,2144,313,2096
606,2144,350,2096
670,2143,387,2095
734,2143,424,2095
797,2143,460,2095
859,2143,495,2095
918,2143,529,2095
974,2142,561,2094
1025,2142,591,2094
1073,2142,618,2094
1115,2142,644,2094
1153,2142,666,2094
1186,2141,687,2093
1214,2141,705,2093
1237,2141,720,2093
1255,2141,734,2093
1270,2141,747,2093
1281,2140,758,2092
1289,2140,769,2092
1294,2140,779,2092
1297,2140,789,2092
1299,2140,799,2092
1300,2140,810,2092
1300,2139,822,2091
1301,2139,835,2091
1301,2139,849,2091
1302,2139,865,2091
1303,2139,882,2091
1305,2138,900,2090
1307,2138,919,2090
1310,2138,940,2090
1313,2138,962,2090
1318,2138,984,2090
1322,2138,1008,2090
1327,2137,1032,2089
1332,2137,1057,2089
1338,2137,1082,2089
1344,2137,1108,2089
1349,2137,1134,2089
1355,2137,1159,2089
1361,2136,1185,2088
1367,2136,1211,2088
1374,2136,1237,2088
1380,2136,1263,2088
1386,2136,1288,2088
1392,2135,1313,2087
1397,2135,1338,2087
1403,2135,1363,2087
1409,2135,1387,2087
1415,2135,1412,2087
1420,2135,1436,2087
1426,2134,1459,2086
1431,2134,1483,2086
1437,2134,1506,2086
1442,2134,1529,2086
1447,2134,1552,2086
1452,2134,1574,2086
1458,2133,1596,2085
1463,2133,1618,2085
1468,2133,1640,2085
1473,2133,1662,2085
1477,2133,1683,2085
1482,2133,1704,2085
1487,2132,1725,2084
1492,2132,1746,2084
1496,2132,1767,2084
1501,2132,1787,2084
1506,2132,1807,2084
1510,2132,1827,2084
1515,2131,1847,2083
1519,2131,1867,2083
1524,2131,1887,2083
1528,2131,1907,2083
1533,2131,1926,2083
1537,2131,1946,2083
1541,2130,1965,2082
1546,2130,1984,2082
1550,2130,2003,2082
1555,2130,2022,2082
1559,2130,2041,2082
1563,2130,2060,2082
1568,2129,2078,2081
1572,2129,2096,2081
1576,2129,2114,2081
1579,2129,2131,2081
1583,2129,2147,2081
1586,2129,2163,2081
1588,2128,2177,2080
1590,2128,2191,2080
1592,2128,2203,2080
1593,2128,2214,2080
1593,2128,2224,2080
1593,2128,2232,2080
1592,2127,2238,2079
1590,2127,2243,2079
1587,2127,2245,2079
1583,2127,2246,2079
1579,2127,2245,2079
1573,2127,2242,2079
1567,2127,2237,2079
1560,2126,2230,2078
1552,2126,2221,2078
1543,2126,2211,2078
1533,2126,2199,2078
1523,2126,2186,2078
1512,2126,2171,2078
1501,2125,2156,2077
1489,2125,2139,2077
1477,2125,2121,2077
1465,2125,2103,2077
1452,2125,2084,2077
1439,2125,2064,2077
1426,2124,2045,2076
1413,2124,2025,2076
1400,2124,2005,2076
1387,2124,1985,2076
1373,2124,1965,2076
1360,2124,1945,2076
1348,2124,1925,2076
1335,2123,1906,2075
1322,2123,1886,2075
1309,2123,1867,2075
1297,2123,1848,2075
1285,2123,1829,2075
1272,2123,1810,2075
1260,2123,1791,2075
1248,2122,1773,2074
1236,2122,1755,2074
1224,2122,1736,2074
1212,2122,1718,2074
1201,2122,1701,2074
1189,2122,1683,2074
1178,2121,1665,2073
1166,2121,1648,2073
1155,2121,1631,2073
1144,2121,1614,2073
1133,2121,1597,2073
1122,2121,1580,2073
1111,2121,1564,2073
1101,2120,1548,2072
1090,2120,1532,2072
1080,2120,1516,2072
1070,2120,1501,2072
1060,2120,1486,2072
1050,2120,1471,2072
1040,2120,1456,2072
1030,2119,1442,2071
1021,2119,1428,2071
1012,2119,1414,2071
1002,2119,1401,2071
993,2119,1388,2071
985,2119,1375,2071
976,2119,1362,2071
967,2118,1349,2070
959,2118,1337,2070
950,2118,1325,2070
942,2118,1313,2070
934,2118,1301,2070
926,2118,1290,2070
918,2118,1278,2070
910,2117,1267,2069
903,2117,1256,2069
895,2117,1245,2069
887,2117,1234,2069
880,2117,1224,2069
872,2117,1213,2069
865,2117,1202,2069
858,2117,1192,2069
850,2116,1182,2068
843,2116,1172,2068
836,2116,1162,2068
829,2116,1152,2068
822,2116,1142,2068
816,2116,1132,2068
809,2116,1123,2068
802,2115,1114,2067
796,2115,1105,2067
790,2115,1096,2067
783,2115,1087,2067
777,2115,1079,2067
771,2115,1070,2067
765,2115,1062,2067
759,2114,1054,2066
753,2114,1046,2066
748,2114,1039,2066
742,2114,1031,2066
737,2114,1024,2066
731,2114,1017,2066
726,2114,1010,2066
721,2114,1004,2066
716,2113,997,2065
711,2113,990,2065
706,2113,984,2065
701,2113,978,2065
696,2113,971,2065
691,2113,965,2065
686,2113,958,2065
681,2113,950,2065
675,2112,943,2064
669,2112,935,2064
663,2112,926,2064
657,2112,916,2064
650,2112,905,2064
643,2112,893,2064
635,2112,880,2064
626,2112,866,2064
617,2111,850,2063
607,2111,833,2063
596,2111,814,2063
584,2111,793,2063
572,2111,771,2063
559,2111,747,2063
545,2111,721,2063
530,2111,694,2063
515,2110,665,2062
499,2110,635,2062
482,2110,604,2062
465,2110,571,2062
448,2110,537,2062
429,2110,503,2062
411,2110,468,2062
392,2110,432,2062
374,2109,396,2061
355,2109,359,2061
336,2109,323,2061
317,2109,286,2061
298,2109,250,2061
279,2109,213,2061
260,2109,177,2061
241,2109,141,2061
223,2108,105,2060
204,2108,69,2060
186,2108,34,2060
168,2108,0,2060
150,2108,-34,2060
132,2108,-69,2060
114,2108,-103,2060
97,2108,-136,2060
80,2107,-170,2059
62,2107,-203,2059
45,2107,-236,2059
28,2107,-269,2059
11,2107,-301,2059
-5,2107,-334,2059
-21,2107,-366,2059
-38,2107,-398,2059
-55,2107,-430,2059
-71,2106,-462,2058
-88,2106,-494,2058
-104,2106,-526,2058
-120,2106,-557,2058
-137,2106,-589,2058
-153,2106,-620,2058
-169,2106,-651,2058
-185,2106,-682,2058
-201,2105,-713,2057
-217,2105,-744,2057
-233,2105,-775,2057
-249,2105,-805,2057
-264,2105,-835,2057
-279,2105,-865,2057
-295,2105,-894,2057
-310,2105,-923,2057
-325,2105,-952,2057
-339,2104,-980,2056
-354,2104,-1008,2056
-368,2104,-1036,2056
-382,2104,-1063,2056
-396,2104,-1089,2056
-409,2104,-1115,2056
-422,2104,-1140,2056
-434,2104,-1164,2056
-447,2104,-1187,2056
-458,2103,-1210,2055
-470,2103,-1231,2055
-480,2103,-1251,2055
-490,2103,-1270,2055
-500,2103,-1288,2055
-509,2103,-1304,2055
-517,2103,-1319,2055
-524,2103,-1332,2055
-530,2103,-1344,2055
-536,2102,-1354,2054
-541,2102,-1362,2054
-545,2102,-1369,2054
-548,2102,-1374,2054
-551,2102,-1377,2054
-552,2102,-1378,2054
-553,2102,-1377,2054
-553,2102,-1375,2054
-552,2102,-1371,2054
-550,2101,-1366,2053
-548,2101,-1360,2053
-545,2101,-1352,2053
-541,2101,-1343,2053
-537,2101,-1332,2053
-533,2101,-1321,2053
-528,2101,-1309,2053
-522,2101,-1297,2053
-517,2101,-1283,2053
-511,2101,-1269,2053
-505,2100,-1255,2052
-499,2100,-1241,2052
-492,2100,-1226,2052
-486,2100,-1211,2052
-480,2100,-1197,2052
-473,2100,-1182,2052
-467,2100,-1167,2052
-461,2100,-1153,2052
-455,2100,-1138,2052
-448,2099,-1124,2051
-442,2099,-1110,2051
-436,2099,-1096,2051
-430,2099,-1082,2051
-425,2099,-1068,2051
-419,2099,-1055,2051
-413,2099,-1042,2051
-408,2099,-1029,2051
-402,2099,-1016,2051
-397,2099,-1004,2051
-392,2098,-991,2050
-387,2098,-979,2050
-382,2098,-967,2050
-377,2098,-955,2050
-372,2098,-944,2050
-367,2098,-933,2050
-362,2098,-921,2050
-358,2098,-911,2050
-353,2098,-900,2050
-349,2098,-889,2050
-344,2097,-879,2049
-340,2097,-869,2049
-336,2097,-859,2049
-332,2097,-850,2049
-329,2097,-841,2049
-325,2097,-832,2049
-321,2097,-823,2049
-318,2097,-815,2049
-314,2097,-806,2049
-311,2097,-799,2049
-308,2096,-791,2048
-305,2096,-783,2048
-302,2096,-776,2048
-299,2096,-769,2048
-297,2096,-762,2048
-294,2096,-755,2048
-291,2096,-749,2048
-289,2096,-742,2048
-286,2096,-736,2048
-284,2096,-729,2048
-281,2096,-723,2048
-279,2095,-717,2047
-276,2095,-710,2047
-274,2095,-704,2047
-271,2095,-698,2047
-268,2095,-691,2047
-266,2095,-685,2047
-263,2095,-679,2047
-261,2095,-672,2047
-258,2095,-666,2047
-256,2095,-660,2047
-253,2094,-654,2046
-251,2094,-648,2046
-248,2094,-642,2046
-246,2094,-636,2046
-244,2094,-630,2046
-242,2094,-625,2046
-240,2094,-620,2046
-238,2094,-615,2046
-236,2094,-610,2046
-234,2094,-606,2046
-233,2094,-601,2046
-232,2093,-598,2045
-230,2093,-594,2045
-229,2093,-591,2045
-228,2093,-588,2045
-227,2093,-585,2045
-226,2093,-582,2045
-225,2093,-579,2045
-224,2093,-577,2045
-224,2093,-574,2045
-223,2093,-571,2045
-222,2093,-568,2045
-221,2092,-565,2044
-219,2092,-562,2044
-218,2092,-558,2044
-216,2092,-553,2044
-214,2092,-548,2044
-211,2092,-541,2044
-208,2092,-534,2044
-204,2092,-526,2044
-200,2092,-516,2044
-195,2092,-505,2044
-190,2092,-493,2044
-184,2092,-479,2044
-177,2091,-464,2043
-169,2091,-447,2043
-160,2091,-429,2043
-151,2091,-408,2043
-141,2091,-387,2043
-130,2091,-363,2043
-118,2091,-338,2043
-106,2091,-312,2043
-93,2091,-284,2043
-79,2091,-255,2043
-65,2091,-225,2043
-51,2090,-193,2042
-36,2090,-161,2042
-20,2090,-129,2042
-5,2090,-95,2042
10,2090,-62,2042
26,2090,-27,2042
42,2090,6,2042
59,2090,40,2042
75,2090,74,2042
91,2090,109,2042
107,2090,143,2042
123,2090,176,2042
139,2089,210,2041
154,2089,243,2041
170,2089,276,2041
185,2089,309,2041
200,2089,341,2041
215,2089,373,2041
230,2089,405,2041
245,2089,436,2041
260,2089,467,2041
274,2089,498,2041
288,2089,528,2041
303,2089,559,2041
317,2088,589,2040
331,2088,619,2040
345,2088,648,2040
359,2088,678,2040
373,2088,707,2040
386,2088,736,2040
400,2088,765,2040
413,2088,794,2040
427,2088,822,2040
440,2088,851,2040
453,2088,879,2040
467,2088,907,2040
480,2088,934,2040
493,2087,962,2039
506,2087,990,2039
518,2087,1017,2039
531,2087,1044,2039
544,2087,1071,2039
556,2087,1098,2039
569,2087,1124,2039
581,2087,1151,2039
594,2087,1177,2039
606,2087,1203,2039
618,2087,1229,2039
630,2087,1254,2039
642,2087,1280,2039
654,2086,1305,2038
665,2086,1329,2038
677,2086,1353,2038
688,2086,1376,2038
698,2086,1399,2038
709,2086,1421,2038
719,2086,1442,2038
728,2086,1462,2038
737,2086,1480,2038
745,2086,1498,2038
752,2086,1513,2038
759,2086,1528,2038
764,2086,1540,2038
769,2085,1551,2037
773,2085,1560,2037
776,2085,1567,2037
779,2085,1572,2037
780,2085,1575,2037
780,2085,1576,2037
780,2085,1575,2037
778,2085,1572,2037
776,2085,1567,2037
773,2085,1561,2037
769,2085,1554,2037
764,2085,1544,2037
759,2085,1534,2037
753,2084,1522,2036
747,2084,1510,2036
740,2084,1497,2036
733,2084,1483,2036
726,2084,1468,2036
719,2084,1453,2036
711,2084,1438,2036
704,2084,1422,2036
696,2084,1407,2036
688,2084,1391,2036
681,2084,1375,2036
673,2084,1360,2036
665,2084,1344,2036
658,2084,1328,2036
650,2083,1313,2035
643,2083,1298,2035
635,2083,1282,2035
628,2083,1267,2035
621,2083,1252,2035
613,2083,1237,2035
606,2083,1223,2035
599,2083,1208,2035
592,2083,1193,2035
585,2083,1179,2035
578,2083,1164,2035
571,2083,1150,2035
564,2083,1136,2035
557,2083,1123,2035
550,2083,1109,2035
544,2082,1096,2034
537,2082,1082,2034
531,2082,1070,2034
525,2082,1057,2034
519,2082,1045,2034
513,2082,1033,2034
507,2082,1021,2034
501,2082,1010,2034
496,2082,999,2034
491,2082,988,2034
486,2082,977,2034
481,2082,967,2034
476,2082,958,2034
471,2082,948,2034
466,2081,939,2033
462,2081,930,2033
458,2081,921,2033
453,2081,912,2033
449,2081,904,2033
445,2081,895,2033
441,2081,887,2033
437,2081,879,2033
433,2081,871,2033
429,2081,863,2033
425,2081,855,2033
421,2081,847,2033
417,2081,840,2033
414,2081,832,2033
410,2081,824,2033
406,2080,817,2032
403,2080,810,2032
399,2080,802,2032
395,2080,795,2032
392,2080,788,2032
388,2080,781,2032
385,2080,774,2032
382,2080,767,2032
378,2080,761,2032
375,2080,755,2032
372,2080,749,2032
369,2080,743,2032
367,2080,737,2032
364,2080,732,2032
362,2080,727,2032
359,2080,723,2032
357,2079,718,2031
355,2079,714,2031
353,2079,710,2031
351,2079,706,2031
349,2079,703,2031
348,2079,700,2031
346,2079,696,2031
344,2079,693,2031
343,2079,690,2031
341,2079,686,2031
339,2079,683,2031
337,2079,679,2031
335,2079,675,2031
333,2079,671,2031
331,2079,667,2031
328,2079,661,2031
326,2078,656,2030
322,2078,649,2030
319,2078,642,2030
315,2078,635,2030
311,2078,626,2030
306,2078,616,2030
301,2078,605,2030
295,2078,592,2030
288,2078,579,2030
281,2078,564,2030
273,2078,548,2030
264,2078,530,2030
255,2078,511,2030
245,2078,490,2030
234,2078,467,2030
223,2078,444,2030
210,2078,419,2030
198,2077,392,2029
184,2077,365,2029
170,2077,336,2029
156,2077,306,2029
141,2077,275,2029
126,2077,244,2029
111,2077,212,2029
95,2077,179,2029
79,2077,146,2029
63,2077,112,2029
46,2077,79,2029
30,2077,45,2029
14,2077,11,2029
-1,2077,-22,2029
-18,2077,-55,2029
-34,2077,-89,2029
-50,2077,-122,2029
-66,2076,-156,2028
-82,2076,-189,2028
-98,2076,-222,2028
-114,2076,-254,2028
-129,2076,-287,2028
-145,2076,-319,2028
-161,2076,-352,2028
-176,2076,-384,2028
-191,2076,-416,2028
-207,2076,-447,2028
-222,2076,-479,2028
-237,2076,-510,2028
-252,2076,-542,2028
-267,2076,-573,2028
-282,2076,-603,2028
-297,2076,-634,2028
-311,2076,-665,2028
-326,2076,-695,2028
-340,2075,-725,2027
-355,2075,-754,2027
-369,2075,-784,2027
-383,2075,-813,2027
-397,2075,-842,2027
-411,2075,-871,2027
-424,2075,-899,2027
-438,2075,-927,2027
-451,2075,-955,2027
-465,2075,-983,2027
-478,2075,-1010,2027
-491,2075,-1037,2027
-504,2075,-1064,2027
-517,2075,-1091,2027
-529,2075,-1117,2027
-542,2075,-1143,2027
-554,2075,-1168,2027
-566,2075,-1193,2027
-578,2075,-1218,2027
-590,2074,-1243,2026
-602,2074,-1267,2026
-613,2074,-1291,2026
-624,2074,-1314,2026
-635,2074,-1336,2026
-646,2074,-1358,2026
-656,2074,-1379,2026
-665,2074,-1399,2026
-675,2074,-1418,2026
-683,2074,-1436,2026
-691,2074,-1453,2026
-699,2074,-1468,2026
-705,2074,-1482,2026
-711,2074,-1494,2026
-716,2074,-1504,2026
-720,2074,-1512,2026
-723,2074,-1519,2026
-726,2074,-1524,2026
-727,2074,-1527,2026
-728,2073,-1527,2025
-727,2073,-1526,2025
-726,2073,-1523,2025
-723,2073,-1518,2025
-720,2073,-1512,2025
-717,2073,-1504,2025
-712,2073,-1494,2025
-707,2073,-1484,2025
-701,2073,-1472,2025
-695,2073,-1459,2025
-688,2073,-1445,2025
-681,2073,-1430,2025
-674,2073,-1415,2025
-667,2073,-1399,2025
-659,2073,-1384,2025
-651,2073,-1368,2025
-644,2073,-1352,2025
-636,2073,-1335,2025
-628,2073,-1320,2025
-621,2073,-1304,2025
-613,2072,-1288,2024
-606,2072,-1273,2024
-599,2072,-1257,2024
-592,2072,-1243,2024
-585,2072,-1228,2024
-578,2072,-1214,2024
-571,2072,-1199,2024
-565,2072,-1186,2024
-558,2072,-1172,2024
-552,2072,-1159,2024
-546,2072,-1146,2024
-539,2072,-1133,2024
-533,2072,-1121,2024
-528,2072,-1108,2024
-522,2072,-1096,2024
-516,2072,-1084,2024
-510,2072,-1072,2024
-505,2072,-1060,2024
-499,2072,-1049,2024
-494,2072,-1037,2024
-488,2072,-1026,2024
-483,2071,-1015,2023
-478,2071,-1004,2023
-473,2071,-993,2023
-467,2071,-982,2023
-462,2071,-971,2023
-457,2071,-961,2023
-452,2071,-951,2023
-447,2071,-940,2023
-443,2071,-930,2023
-438,2071,-920,2023
-433,2071,-911,2023
-429,2071,-901,2023
-424,2071,-891,2023
-420,2071,-882,2023
-415,2071,-873,2023
-411,2071,-864,2023
-407,2071,-855,2023
-402,2071,-846,2023
-398,2071,-837,2023
-394,2071,-829,2023
-390,2071,-820,2023
-386,2070,-812,2022
-383,2070,-804,2022
-379,2070,-797,2022
-375,2070,-789,2022
-372,2070,-782,2022
-368,2070,-775,2022
-365,2070,-768,2022
-362,2070,-761,2022
-359,2070,-754,2022
-356,2070,-748,2022
-353,2070,-742,2022
-350,2070,-736,2022
-347,2070,-730,2022
-345,2070,-725,2022
-342,2070,-719,2022
-340,2070,-714,2022
-337,2070,-709,2022
-335,2070,-704,2022
-333,2070,-700,2022
-331,2070,-695,2022
-329,2070,-691,2022
-327,2070,-687,2022
-325,2070,-683,2022
-323,2069,-679,2021
-321,2069,-675,2021
-319,2069,-671,2021
-317,2069,-667,2021
-316,2069,-664,2021
-314,2069,-660,2021
-313,2069,-657,2021
-311,2069,-654,2021
-309,2069,-650,2021
-308,2069,-647,2021
-306,2069,-643,2021
-304,2069,-639,2021
-302,2069,-635,2021
-300,2069,-630,2021
-297,2069,-625,2021
-294,2069,-619,2021
-291,2069,-612,2021
-287,2069,-604,2021
-283,2069,-595,2021
-278,2069,-585,2021
-273,2069,-574,2021
-267,2069,-561,2021
-260,2069,-547,2021
-252,2069,-531,2021
-244,2068,-514,2020
-235,2068,-495,2020
-225,2068,-474,2020
-214,2068,-452,2020
-203,2068,-427,2020
-191,2068,-402,2020
-178,2068,-375,2020
-164,2068,-346,2020
-150,2068,-317,2020
-135,2068,-286,2020
-119,2068,-254,2020
-104,2068,-221,2020
-88,2068,-187,2020
-71,2068,-153,2020
-55,2068,-119,2020
-38,2068,-84,2020
-21,2068,-49,2020
-4,2068,-14,2020
11,2068,20,2020
28,2068,55,2020
45,2068,89,2020
61,2068,124,2020
77,2068,158,2020
94,2068,191,2020
109,2068,225,2020
125,2067,258,2019
141,2067,290,2019
156,2067,322,2019
172,2067,354,2019
187,2067,386,2019
202,2067,417,2019
217,2067,448,2019
232,2067,479,2019
246,2067,510,2019
261,2067,540,2019
275,2067,571,2019
290,2067,601,2019
304,2067,630,2019
318,2067,660,2019
332,2067,690,2019
347,2067,719,2019
361,2067,749,2019
375,2067,778,2019
389,2067,807,2019
402,2067,836,2019
416,2067,864,2019
430,2067,893,2019
443,2067,921,2019
457,2067,949,2019
470,2067,977,2019
483,2067,1005,2019
497,2066,1032,2018
510,2066,1060,2018
523,2066,1087,2018
536,2066,1114,2018
549,2066,1140,2018
561,2066,1167,2018
574,2066,1193,2018
586,2066,1219,2018
599,2066,1245,2018
611,2066,1270,2018
623,2066,1295,2018
635,2066,1320,2018
646,2066,1343,2018
657,2066,1366,2018
668,2066,1389,2018
678,2066,1410,2018
687,2066,1430,2018
696,2066,1448,2018
705,2066,1466,2018
712,2066,1481,2018
719,2066,1495,2018
725,2066,1508,2018
730,2066,1518,2018
734,2066,1526,2018
737,2066,1532,2018
738,2066,1536,2018
739,2066,1539,2018
740,2066,1539,2018
739,2065,1537,2017
737,2065,1533,2017
734,2065,1528,2017
731,2065,1520,2017
727,2065,1512,2017
722,2065,1502,2017
717,2065,1491,2017
711,2065,1479,2017
705,2065,1466,2017
698,2065,1452,2017
691,2065,1438,2017
684,2065,1424,2017
677,2065,1409,2017
670,2065,1394,2017
663,2065,1379,2017
655,2065,1363,2017
648,2065,1348,2017
640,2065,1333,2017
633,2065,1317,2017
626,2065,1302,2017
618,2065,1287,2017
611,2065,1272,2017
604,2065,1257,2017
597,2065,1242,2017
590,2065,1227,2017
583,2065,1213,2017
576,2065,1198,2017
569,2065,1184,2017
563,2065,1171,2017
556,2064,1157,2016
550,2064,1144,2016
544,2064,1131,2016
538,2064,1118,2016
532,2064,1106,2016
526,2064,1094,2016
520,2064,1083,2016
515,2064,1071,2016
509,2064,1060,2016
504,2064,1049,2016
499,2064,1039,2016
494,2064,1028,2016
489,2064,1018,2016
484,2064,1007,2016
479,2064,997,2016
474,2064,986,2016
469,2064,976,2016
464,2064,966,2016
459,2064,955,2016
454,2064,945,2016
449,2064,934,2016
444,2064,924,2016
439,2064,913,2016
434,2064,902,2016
429,2064,892,2016
424,2064,882,2016
419,2064,871,2016
414,2064,861,2016
409,2064,852,2016
405,2064,842,2016
400,2064,833,2016
396,2064,824,2016
392,2063,815,2015
388,2063,807,2015
384,2063,799,2015
380,2063,792,2015
377,2063,785,2015
374,2063,778,2015
371,2063,772,2015
368,2063,766,2015
365,2063,760,2015
363,2063,754,2015
360,2063,749,2015
358,2063,744,2015
355,2063,739,2015
353,2063,735,2015
351,2063,730,2015
349,2063,725,2015
346,2063,721,2015
344,2063,716,2015
342,2063,712,2015
340,2063,707,2015
338,2063,703,2015
335,2063,698,2015
333,2063,693,2015
331,2063,689,2015
329,2063,684,2015
326,2063,679,2015
324,2063,675,2015
322,2063,670,2015
320,2063,666,2015
318,2063,661,2015
315,2063,656,2015
313,2063,652,2015
311,2063,647,2015
309,2062,643,2014
306,2062,638,2014
304,2062,633,2014
301,2062,627,2014
298,2062,621,2014
295,2062,615,2014
292,2062,607,2014
288,2062,599,2014
284,2062,591,2014
279,2062,581,2014
274,2062,569,2014
268,2062,557,2014
261,2062,543,2014
254,2062,528,2014
245,2062,511,2014
237,2062,492,2014
227,2062,472,2014
216,2062,450,2014
205,2062,427,2014
193,2062,402,2014
181,2062,376,2014
167,2062,348,2014
154,2062,319,2014
139,2062,289,2014
124,2062,258,2014
109,2062,226,2014
93,2062,194,2014
77,2062,160,2014
61,2062,127,2014
45,2062,93,2014
28,2062,58,2014
12,2062,24,2014
-4,2062,-10,2014
-21,2062,-44,2014
-37,2062,-79,2014
-53,2062,-113,2014
-70,2061,-147,2013
-86,2061,-180,2013
-102,2061,-214,2013
-118,2061,-247,2013
-134,2061,-280,2013
-149,2061,-312,2013
-165,2061,-344,2013
-180,2061,-376,2013
-195,2061,-407,2013
-210,2061,-439,2013
-225,2061,-469,2013
-239,2061,-500,2013
-254,2061,-530,2013
-268,2061,-560,2013
-283,2061,-590,2013
-297,2061,-620,2013
-311,2061,-649,2013
-325,2061,-679,2013
-339,2061,-708,2013
-353,2061,-737,2013
-367,2061,-766,2013
-381,2061,-795,2013
-395,2061,-823,2013
-408,2061,-852,2013
-422,2061,-880,2013
-435,2061,-908,2013
-449,2061,-936,2013
-462,2061,-964,2013
-475,2061,-991,2013
-489,2061,-1019,2013
-502,2061,-1046,2013
-515,2061,-1073,2013
-527,2061,-1100,2013
-540,2061,-1126,2013
-553,2061,-1152,2013
-565,2061,-1178,2013
-577,2061,-1204,2013
-589,2061,-1229,2013
-601,2060,-1254,2012
-613,2060,-1278,2012
-624,2060,-1302,2012
-636,2060,-1325,2012
-647,2060,-1348,2012
-657,2060,-1370,2012
-667,2060,-1391,2012
-677,2060,-1411,2012
-686,2060,-1430,2012
-695,2060,-1448,2012
-702,2060,-1465,2012
-710,2060,-1480,2012
-716,2060,-1493,2012
-722,2060,-1505,2012
-726,2060,-1514,2012
-730,2060,-1522,2012
-733,2060,-1528,2012
-735,2060,-1532,2012
-736,2060,-1535,2012
-736,2060,-1535,2012
-735,2060,-1533,2012
-734,2060,-1529,2012
-731,2060,-1524,2012
-728,2060,-1517,2012
-724,2060,-1509,2012
-719,2060,-1499,2012
-714,2060,-1488,2012
-708,2060,-1476,2012
-702,2060,-1463,2012
-695,2060,-1449,2012
-688,2060,-1435,2012
-681,2060,-1420,2012
-674,2060,-1405,2012
-667,2060,-1390,2012
-659,2060,-1374,2012
-652,2060,-1359,2012
-645,2060,-1344,2012
-637,2060,-1329,2012
-630,2060,-1314,2012
-623,2060,-1299,2012
-616,2060,-1284,2012
-609,2060,-1270,2012
-603,2059,-1256,2011
-596,2059,-1242,2011
-589,2059,-1229,2011
-583,2059,-1216,2011
-577,2059,-1203,2011
-571,2059,-1190,2011
-565,2059,-1177,2011
-559,2059,-1165,2011
-553,2059,-1152,2011
-547,2059,-1140,2011
-541,2059,-1128,2011
-535,2059,-1116,2011
-529,2059,-1104,2011
-524,2059,-1092,2011
-518,2059,-1080,2011
-512,2059,-1069,2011
-507,2059,-1057,2011
-501,2059,-1045,2011
-496,2059,-1033,2011
-490,2059,-1022,2011
-484,2059,-1010,2011
-479,2059,-999,2011
-473,2059,-987,2011
-468,2059,-976,2011
-462,2059,-964,2011
-457,2059,-953,2011
-452,2059,-942,2011
-447,2059,-931,2011
-441,2059,-920,2011
-436,2059,-910,2011
-432,2059,-900,2011
-427,2059,-890,2011
-422,2059,-880,2011
-418,2059,-871,2011
-413,2059,-862,2011
-409,2059,-853,2011
-405,2059,-844,2011
-401,2059,-835,2011
-397,2059,-827,2011
-393,2059,-819,2011
-389,2059,-811,2011
-385,2059,-803,2011
-381,2059,-795,2011
-378,2059,-787,2011
-374,2059,-780,2011
-370,2058,-773,2010
-367,2058,-765,2010
-363,2058,-758,2010
-360,2058,-751,2010
-357,2058,-744,2010
-354,2058,-738,2010
-351,2058,-731,2010
-348,2058,-725,2010
-345,2058,-719,2010
-342,2058,-713,2010
-339,2058,-707,2010
-337,2058,-702,2010
-334,2058,-697,2010
-332,2058,-692,2010
-330,2058,-688,2010
-328,2058,-683,2010
-326,2058,-679,2010
-324,2058,-675,2010
-322,2058,-671,2010
-320,2058,-668,2010
-319,2058,-664,2010
-317,2058,-661,2010
-315,2058,-657,2010
-314,2058,-654,2010
-312,2058,-650,2010
-310,2058,-647,2010
-309,2058,-643,2010
-307,2058,-640,2010
-305,2058,-636,2010
-303,2058,-631,2010
-300,2058,-627,2010
-298,2058,-621,2010
-295,2058,-616,2010
-292,2058,-609,2010
-288,2058,-601,2010
-284,2058,-593,2010
-280,2058,-583,2010
-274,2058,-573,2010
-269,2058,-560,2010
-262,2058,-547,2010
-255,2058,-532,2010
-247,2058,-515,2010
-238,2058,-497,2010
-228,2058,-477,2010
-218,2058,-455,2010
-207,2058,-432,2010
-195,2058,-407,2010
-182,2058,-380,2010
-169,2058,-352,2010
-155,2058,-323,2010
-140,2057,-292,2009
-125,2057,-261,2009
-109,2057,-228,2009
-93,2057,-194,2009
-76,2057,-160,2009
-60,2057,-125,2009
-43,2057,-90,2009
-26,2057,-54,2009
-8,2057,-18,2009
8,2057,17,2009
25,2057,53,2009
43,2057,89,2009
60,2057,125,2009
77,2057,160,2009
94,2057,196,2009
111,2057,231,2009
127,2057,265,2009
144,2057,300,2009
160,2057,334,2009
176,2057,367,2009
192,2057,400,2009
208,2057,433,2009
223,2057,465,2009
238,2057,497,2009
253,2057,528,2009
268,2057,559,2009
283,2057,589,2009
297,2057,619,2009
311,2057,649,2009
326,2057,679,2009
340,2057,708,2009
353,2057,737,2009
367,2057,765,2009
381,2057,794,2009
394,2057,822,2009
408,2057,850,2009
421,2057,878,2009
435,2057,906,2009
448,2057,934,2009
461,2057,961,2009
474,2057,989,2009
488,2057,1016,2009
501,2057,1043,2009
514,2057,1071,2009
527,2057,1097,2009
539,2057,1124,2009
552,2057,1151,2009
565,2057,1177,2009
577,2057,1203,2009
589,2057,1228,2009
601,2057,1253,2009
613,2057,1278,2009
625,2057,1302,2009
636,2057,1325,2009
647,2057,1348,2009
657,2057,1370,2009
667,2056,1391,2008
677,2056,1411,2008
686,2056,1429,2008
694,2056,1447,2008
702,2056,1463,2008
709,2056,1478,2008
715,2056,1491,2008
721,2056,1502,2008
725,2056,1512,2008
729,2056,1520,2008
732,2056,1526,2008
734,2056,1530,2008
735,2056,1532,2008
736,2056,1533,2008
735,2056,1532,2008
734,2056,1529,2008
731,2056,1524,2008
728,2056,1518,2008
725,2056,1510,2008
720,2056,1501,2008
716,2056,1491,2008
710,2056,1480,2008
705,2056,1468,2008
698,2056,1455,2008
692,2056,1442,2008
685,2056,1428,2008
679,2056,1414,2008
672,2056,1400,2008
665,2056,1385,2008
658,2056,1370,2008
650,2056,1355,2008
643,2056,1341,2008
636,2056,1326,2008
629,2056,1311,2008
622,2056,1296,2008
615,2056,1282,2008
608,2056,1267,2008
601,2056,1253,2008
594,2056,1238,2008
587,2056,1224,2008
580,2056,1210,2008
574,2056,1195,2008
567,2056,1181,2008
560,2056,1168,2008
554,2056,1154,2008
547,2056,1140,2008
541,2056,1127,2008
534,2056,1113,2008
528,2056,1100,2008
522,2056,1087,2008
516,2056,1075,2008
510,2056,1062,2008
504,2056,1050,2008
498,2056,1038,2008
492,2056,1026,2008
487,2056,1015,2008
481,2056,1004,2008
476,2056,993,2008
471,2056,982,2008
466,2056,972,2008
461,2056,961,2008
456,2056,951,2008
452,2056,941,2008
447,2055,932,2007
442,2055,922,2007
438,2055,913,2007
433,2055,903,2007
429,2055,894,2007
425,2055,885,2007
420,2055,876,2007
416,2055,867,2007
412,2055,859,2007
408,2055,850,2007
404,2055,842,2007
400,2055,834,2007
396,2055,826,2007
392,2055,818,2007
389,2055,810,2007
385,2055,803,2007
381,2055,795,2007
378,2055,788,2007
375,2055,781,2007
371,2055,774,2007
368,2055,767,2007
365,2055,761,2007
362,2055,754,2007
359,2055,748,2007
356,2055,742,2007
353,2055,736,2007
350,2055,731,2007
348,2055,725,2007
345,2055,720,2007
343,2055,715,2007
341,2055,710,2007
338,2055,706,2007
336,2055,701,2007
334,2055,697,2007
333,2055,693,2007
331,2055,690,2007
329,2055,686,2007
327,2055,683,2007
326,2055,679,2007
324,2055,676,2007
323,2055,673,2007
321,2055,670,2007
320,2055,667,2007
318,2055,664,2007
317,2055,660,2007
315,2055,657,2007
313,2055,653,2007
311,2055,649,2007
309,2055,644,2007
306,2055,638,2007
303,2055,632,2007
300,2055,625,2007
296,2055,617,2007
291,2055,608,2007
286,2055,597,2007
281,2055,586,2007
275,2055,573,2007
268,2055,558,2007
260,2055,542,2007
252,2055,525,2007
242,2055,506,2007
232,2055,485,2007
222,2055,463,2007
210,2055,439,2007
198,2055,414,2007
186,2055,387,2007
172,2055,360,2007
158,2055,331,2007
144,2055,301,2007
129,2055,270,2007
114,2055,238,2007
98,2054,205,2006
82,2054,172,2006
66,2054,138,2006
50,2054,105,2006
34,2054,70,2006
17,2054,36,2006
1,2054,2,2006
-15,2054,-31,2006
-31,2054,-65,2006
-47,2054,-99,2006
-63,2054,-133,2006
-79,2054,-166,2006
-95,2054,-199,2006
-111,2054,-232,2006
-127,2054,-264,2006
-142,2054,-297,2006
-157,2054,-328,2006
-173,2054,-360,2006
-188,2054,-392,2006
-203,2054,-423,2006
-218,2054,-454,2006
-232,2054,-485,2006
-247,2054,-515,2006
-262,2054,-546,2006
-276,2054,-576,2006
-291,2054,-606,2006
-305,2054,-636,2006
-319,2054,-666,2006
-334,2054,-696,2006
-348,2054,-726,2006
-362,2054,-755,2006
-376,2054,-785,2006
-390,2054,-814,2006
-404,2054,-843,2006
-418,2054,-872,2006
-432,2054,-901,2006
-446,2054,-929,2006
-459,2054,-958,2006
-473,2054,-986,2006
-486,2054,-1014,2006
-500,2054,-1041,2006
-513,2054,-1069,2006
-526,2054,-1096,2006
-539,2054,-1123,2006
-551,2054,-1149,2006
-564,2054,-1176,2006
-577,2054,-1202,2006
-589,2054,-1227,2006
-601,2054,-1253,2006
-613,2054,-1278,2006
-625,2054,-1302,2006
-636,2054,-1326,2006
-647,2054,-1349,2006
-658,2054,-1371,2006
-668,2054,-1393,2006
-678,2054,-1413,2006
-687,2054,-1433,2006
-696,2054,-1451,2006
-704,2054,-1468,2006
-711,2054,-1483,2006
-718,2054,-1496,2006
-724,2054,-1508,2006
-729,2054,-1518,2006
-733,2054,-1527,2006
-736,2054,-1533,2006
-738,2054,-1537,2006
-739,2054,-1540,2006
-739,2054,-1540,2006
-738,2054,-1538,2006
-736,2054,-1535,2006
-734,2054,-1530,2006
-731,2054,-1523,2006
-727,2054,-1515,2006
-722,2054,-1505,2006
-717,2054,-1494,2006
-711,2054,-1482,2006
-705,2054,-1469,2006
-699,2054,-1456,2006
-692,2054,-1442,2006
-685,2054,-1427,2006
-678,2054,-1412,2006
-670,2054,-1397,2006
-663,2054,-1382,2006
-656,2054,-1367,2006
-648,2053,-1351,2005
-641,2053,-1336,2005
-634,2053,-1321,2005
-626,2053,-1306,2005
-619,2053,-1291,2005
-612,2053,-1276,2005
-605,2053,-1261,2005
-598,2053,-1246,2005
-591,2053,-1232,2005
-584,2053,-1218,2005
-577,2053,-1204,2005
-571,2053,-1190,2005
-564,2053,-1176,2005
-558,2053,-1162,2005
-551,2053,-1149,2005
-545,2053,-1136,2005
-539,2053,-1123,2005
-532,2053,-1110,2005
-526,2053,-1097,2005
-520,2053,-1085,2005
-514,2053,-1072,2005
-509,2053,-1060,2005
-503,2053,-1049,2005
-497,2053,-1037,2005
-492,2053,-1026,2005
-487,2053,-1015,2005
-481,2053,-1004,2005
-476,2053,-993,2005
-471,2053,-982,2005
-466,2053,-972,2005
-461,2053,-962,2005
-456,2053,-952,2005
-452,2053,-942,2005
-447,2053,-932,2005
-442,2053,-922,2005
-438,2053,-913,2005
-433,2053,-903,2005
-429,2053,-894,2005
-425,2053,-885,2005
-420,2053,-876,2005
-416,2053,-867,2005
-412,2053,-859,2005
-408,2053,-850,2005
-404,2053,-842,2005
-400,2053,-833,2005
-396,2053,-825,2005
-392,2053,-817,2005
-388,2053,-809,2005
-384,2053,-801,2005
-381,2053,-794,2005
-377,2053,-787,2005
-374,2053,-779,2005
-370,2053,-772,2005
-367,2053,-765,2005
-364,2053,-759,2005
-361,2053,-752,2005
-358,2053,-746,2005
-355,2053,-740,2005
-352,2053,-734,2005
-349,2053,-729,2005
-347,2053,-723,2005
-344,2053,-718,2005
-342,2053,-713,2005
-340,2053,-708,2005
-337,2053,-703,2005
-335,2053,-699,2005
-333,2053,-694,2005
-331,2053,-690,2005
-329,2053,-686,2005
-327,2053,-681,2005
-325,2053,-677,2005
-323,2053,-673,2005
-321,2053,-670,2005
-319,2053,-666,2005
-317,2053,-662,2005
-316,2053,-658,2005
-314,2053,-654,2005
-312,2053,-650,2005
-310,2053,-646,2005
-308,2053,-642,2005
-306,2053,-638,2005
-303,2053,-633,2005
-301,2053,-627,2005
-298,2053,-621,2005
-294,2053,-614,2005
-291,2053,-606,2005
-286,2053,-597,2005
-281,2053,-587,2005
-276,2053,-576,2005
-270,2053,-563,2005
-263,2053,-548,2005
-255,2053,-532,2005
-247,2053,-515,2005
-238,2053,-496,2005
-228,2053,-475,2005
-217,2053,-452,2005
-205,2053,-428,2005
-193,2053,-402,2005
-180,2053,-375,2005
-166,2053,-347,2005
-152,2052,-317,2004
-137,2052,-286,2004
-122,2052,-254,2004
-106,2052,-221,2004
-90,2052,-188,2004
-74,2052,-154,2004
-57,2052,-120,2004
-41,2052,-85,2004
-24,2052,-50,2004
-7,2052,-16,2004
8,2052,18,2004
25,2052,53,2004
42,2052,87,2004
58,2052,121,2004
74,2052,155,2004
90,2052,189,2004
106,2052,222,2004
122,2052,255,2004
138,2052,288,2004
153,2052,320,2004
169,2052,352,2004
184,2052,384,2004
199,2052,416,2004
215,2052,447,2004
230,2052,479,2004
244,2052,510,2004
259,2052,540,2004
274,2052,571,2004
288,2052,601,2004
303,2052,631,2004
317,2052,661,2004
331,2052,691,2004
345,2052,720,2004
359,2052,749,2004
373,2052,778,2004
387,2052,806,2004
400,2052,835,2004
414,2052,863,2004
427,2052,891,2004
441,2052,918,2004
454,2052,946,2004
467,2052,973,2004
480,2052,1000,2004
492,2052,1026,2004
505,2052,1053,2004
518,2052,1079,2004
530,2052,1105,2004
543,2052,1131,2004
555,2052,1157,2004
568,2052,1183,2004
580,2052,1209,2004
592,2052,1234,2004
604,2052,1259,2004
616,2052,1284,2004
628,2052,1308,2004
639,2052,1332,2004
650,2052,1355,2004
661,2052,1377,2004
671,2052,1398,2004
681,2052,1419,2004
690,2052,1438,2004
699,2052,1456,2004
707,2052,1472,2004
714,2052,1487,2004
720,2052,1501,2004
726,2052,1512,2004
730,2052,1521,2004
734,2052,1529,2004
736,2052,1535,2004
738,2052,1538,2004
739,2052,1540,2004
739,2052,1539,2004
737,2052,1537,2004
735,2052,1533,2004
733,2052,1527,2004
729,2052,1519,2004
725,2052,1510,2004
720,2052,1500,2004
714,2052,1489,2004
708,2052,1477,2004
702,2052,1463,2004
696,2052,1450,2004
689,2052,1435,2004
681,2052,1420,2004
674,2052,1405,2004
667,2052,1390,2004
659,2052,1374,2004
652,2052,1359,2004
645,2052,1343,2004
637,2052,1328,2004
630,2052,1313,2004
623,2052,1298,2004
616,2052,1283,2004
608,2052,1268,2004
602,2052,1254,2004
595,2052,1239,2004
588,2052,1225,2004
581,2052,1211,2004
575,2052,1198,2004
568,2052,1184,2004
562,2052,1170,2004
555,2052,1157,2004
549,2052,1144,2004
542,2052,1130,2004
536,2052,1117,2004
530,2052,1104,2004
523,2052,1091,2004
517,2052,1078,2004
511,2052,1065,2004
505,2052,1053,2004
499,2052,1040,2004
493,2052,1027,2004
487,2052,1015,2004
481,2052,1003,2004
475,2052,991,2004
470,2052,979,2004
464,2052,968,2004
459,2052,956,2004
454,2052,945,2004
448,2052,935,2004
443,2052,924,2004
439,2052,914,2004
434,2052,904,2004
429,2052,895,2004
425,2052,886,2004
421,2052,877,2004
416,2051,868,2003
412,2051,860,2003
409,2051,852,2003
405,2051,844,2003
401,2051,836,2003
398,2051,829,2003
394,2051,822,2003
391,2051,815,2003
387,2051,808,2003
384,2051,801,2003
381,2051,794,2003
378,2051,787,2003
375,2051,781,2003
371,2051,775,2003
368,2051,768,2003
365,2051,762,2003
363,2051,756,2003
360,2051,750,2003
357,2051,744,2003
354,2051,738,2003
351,2051,733,2003
349,2051,727,2003
346,2051,722,2003
344,2051,717,2003
341,2051,712,2003
339,2051,707,2003
337,2051,703,2003
335,2051,698,2003
333,2051,694,2003
331,2051,690,2003
329,2051,686,2003
327,2051,682,2003
325,2051,678,2003
324,2051,675,2003
322,2051,671,2003
320,2051,668,2003
319,2051,665,2003
317,2051,661,2003
316,2051,658,2003
314,2051,654,2003
312,2051,650,2003
310,2051,646,2003
308,2051,642,2003
305,2051,637,2003
303,2051,631,2003
300,2051,625,2003
296,2051,617,2003
292,2051,609,2003
288,2051,599,2003
282,2051,589,2003
276,2051,577,2003
270,2051,563,2003
263,2051,548,2003
254,2051,531,2003
245,2051,512,2003
236,2051,492,2003
225,2051,470,2003
214,2051,446,2003
201,2051,420,2003
188,2051,393,2003
175,2051,365,2003
160,2051,335,2003
145,2051,304,2003
130,2051,271,2003
114,2051,238,2003
98,2051,204,2003
81,2051,169,2003
64,2051,134,2003
47,2051,99,2003
30,2051,63,2003
13,2051,27,2003
-3,2051,-8,2003
-20,2051,-43,2003
-37,2051,-79,2003
-54,2051,-114,2003
-71,2051,-148,2003
-87,2051,-183,2003
-104,2051,-217,2003
-120,2051,-250,2003
-136,2051,-284,2003
-152,2051,-317,2003
-167,2051,-349,2003
-183,2051,-381,2003
-198,2051,-413,2003
-213,2051,-445,2003
-228,2051,-476,2003
-243,2051,-507,2003
-258,2051,-537,2003
-272,2051,-568,2003
-287,2051,-598,2003
-301,2051,-627,2003
-315,2051,-657,2003
-329,2051,-686,2003
-343,2051,-715,2003
-356,2051,-743,2003
-370,2051,-771,2003
-383,2051,-799,2003
-397,2051,-827,2003
-410,2051,-854,2003
-423,2051,-881,2003
-436,2051,-908,2003
-449,2051,-935,2003
-461,2051,-962,2003
-474,2051,-988,2003
-487,2051,-1015,2003
-499,2051,-1041,2003
-512,2051,-1067,2003
-525,2051,-1094,2003
-537,2051,-1120,2003
-550,2051,-1146,2003
-562,2051,-1172,2003
-575,2051,-1198,2003
-587,2051,-1224,2003
-600,2051,-1250,2003
-612,2051,-1275,2003
-624,2051,-1300,2003
-636,2051,-1325,2003
-647,2051,-1349,2003
-658,2051,-1372,2003
-669,2051,-1394,2003
-679,2051,-1415,2003
-688,2051,-1434,2003
-697,2051,-1453,2003
-705,2051,-1469,2003
-712,2051,-1484,2003
-718,2051,-1497,2003
-724,2051,-1509,2003
-728,2051,-1518,2003
-732,2051,-1525,2003
-734,2051,-1530,2003
-736,2051,-1533,2003
-736,2051,-1534,2003
-736,2051,-1533,2003
-734,2051,-1530,2003
-732,2051,-1526,2003
-729,2051,-1519,2003
-725,2051,-1511,2003
-721,2051,-1502,2003
-716,2051,-1491,2003
-710,2051,-1480,2003
-704,2051,-1467,2003
-698,2051,-1454,2003
-691,2051,-1440,2003
-684,2051,-1425,2003
-677,2051,-1410,2003
-669,2051,-1395,2003
-662,2051,-1380,2003
-655,2051,-1365,2003
-648,2051,-1349,2003
-640,2051,-1334,2003
-633,2051,-1319,2003
-626,2051,-1304,2003
-619,2051,-1290,2003
-612,2051,-1275,2003
-605,2051,-1261,2003
-598,2051,-1247,2003
-592,2051,-1233,2003
-585,2051,-1219,2003
-578,2051,-1205,2003
-572,2051,-1192,2003
-565,2051,-1179,2003
-559,2051,-1166,2003
-553,2051,-1153,2003
-547,2051,-1140,2003
-541,2051,-1127,2003
-535,2051,-1114,2003
-529,2051,-1102,2003
-523,2051,-1090,2003
-517,2050,-1078,2002
-511,2050,-1066,2002
-505,2050,-1054,2002
-500,2050,-1042,2002
-494,2050,-1031,2002
-489,2050,-1020,2002
-484,2050,-1009,2002
-479,2050,-998,2002
-474,2050,-987,2002
-469,2050,-977,2002
-464,2050,-967,2002
-459,2050,-957,2002
-454,2050,-947,2002
-450,2050,-937,2002
-445,2050,-928,2002
-441,2050,-919,2002
-436,2050,-910,2002
-432,2050,-901,2002
-428,2050,-892,2002
-424,2050,-883,2002
-419,2050,-874,2002
-415,2050,-866,2002
-411,2050,-858,2002
-407,2050,-849,2002
-404,2050,-841,2002
-400,2050,-833,2002
-396,2050,-826,2002
-392,2050,-818,2002
-389,2050,-810,2002
-385,2050,-803,2002
-382,2050,-796,2002
-378,2050,-789,2002
-375,2050,-782,2002
-372,2050,-775,2002
-369,2050,-769,2002
-366,2050,-762,2002
-363,2050,-756,2002
-360,2050,-750,2002
-357,2050,-744,2002
-354,2050,-738,2002
-351,2050,-732,2002
-348,2050,-726,2002
-345,2050,-720,2002
-343,2050,-715,2002
-340,2050,-709,2002
-338,2050,-704,2002
-335,2050,-699,2002
-333,2050,-693,2002
-330,2050,-688,2002
-328,2050,-683,2002
-326,2050,-679,2002
-323,2050,-674,2002
-321,2050,-669,2002
-319,2050,-665,2002
-317,2050,-660,2002
-315,2050,-656,2002
-313,2050,-652,2002
-310,2050,-647,2002
-308,2050,-643,2002
-306,2050,-638,2002
-304,2050,-633,2002
-301,2050,-628,2002
-298,2050,-622,2002
-295,2050,-616,2002
-292,2050,-609,2002
-288,2050,-601,2002
-284,2050,-593,2002
-280,2050,-583,2002
-275,2050,-573,2002
-269,2050,-561,2002
-263,2050,-548,2002
-256,2050,-533,2002
-248,2050,-518,2002
-240,2050,-500,2002
-231,2050,-482,2002
-221,2050,-461,2002
-211,2050,-439,2002
-200,2050,-416,2002
-188,2050,-391,2002
-175,2050,-365,2002
-162,2050,-338,2002
-148,2050,-310,2002
-134,2050,-280,2002
-120,2050,-250,2002
-105,2050,-218,2002
-89,2050,-186,2002
-74,2050,-154,2002
-58,2050,-121,2002
-42,2050,-88,2002
-26,2050,-54,2002
-10,2050,-20,2002
6,2050,12,2002
22,2050,46,2002
38,2050,80,2002
54,2050,113,2002
70,2050,147,2002
86,2050,180,2002
102,2050,213,2002
118,2050,246,2002
133,2050,278,2002
149,2050,310,2002
164,2050,343,2002
179,2050,374,2002
195,2050,406,2002
210,2050,437,2002
225,2050,468,2002
239,2050,499,2002
254,2050,530,2002
269,2050,560,2002
283,2050,591,2002
298,2050,621,2002
312,2050,651,2002
326,2050,680,2002
340,2050,710,2002
355,2050,739,2002
369,2050,768,2002
383,2050,797,2002
396,2050,826,2002
410,2050,855,2002
424,2050,884,2002
438,2050,912,2002
451,2050,940,2002
465,2050,968,2002
478,2050,996,2002
491,2050,1024,2002
504,2050,1051,2002
517,2050,1079,2002
530,2050,1106,2002
543,2050,1132,2002
556,2050,1159,2002
569,2050,1185,2002
581,2050,1211,2002
593,2050,1236,2002
605,2050,1261,2002
617,2050,1285,2002
628,2050,1309,2002
639,2050,1332,2002
650,2050,1355,2002
661,2050,1377,2002
671,2050,1398,2002
680,2050,1417,2002
689,2050,1436,2002
698,2050,1453,2002
705,2050,1469,2002
712,2050,1484,2002
718,2050,1497,2002
724,2050,1508,2002
728,2050,1517,2002
732,2050,1525,2002
734,2050,1530,2002
736,2050,1534,2002
737,2050,1535,2002
737,2050,1535,2002
735,2050,1532,2002
733,2050,1528,2002
730,2050,1522,2002
727,2050,1514,2002
722,2050,1505,2002
717,2050,1495,2002
712,2050,1483,2002
706,2050,1470,2002
699,2050,1457,2002
692,2050,1442,2002
685,2050,1427,2002
678,2050,1412,2002
670,2050,1396,2002
662,2050,1380,2002
655,2050,1364,2002
647,2050,1348,2002
639,2050,1333,2002
632,2050,1317,2002
625,2050,1302,2002
617,2050,1286,2002
610,2050,1271,2002
603,2050,1257,2002
596,2050,1242,2002
589,2050,1228,2002
582,2050,1214,2002
576,2050,1200,2002
569,2050,1187,2002
563,2050,1173,2002
557,2050,1160,2002
550,2050,1147,2002
544,2050,1135,2002
538,2050,1122,2002
532,2050,1110,2002
527,2050,1098,2002
521,2050,1086,2002
515,2050,1074,2002
509,2050,1062,2002
504,2050,1051,2002
499,2050,1039,2002
493,2050,1028,2002
488,2050,1017,2002
483,2050,1006,2002
478,2050,995,2002
473,2050,985,2002
468,2050,975,2002
463,2050,964,2002
458,2050,954,2002
453,2050,944,2002
448,2050,934,2002
444,2050,925,2002
439,2050,915,2002
434,2050,905,2002
430,2050,896,2002
425,2050,887,2002
421,2050,878,2002
417,2050,868,2002
412,2050,860,2002
408,2050,851,2002
404,2050,842,2002
400,2050,834,2002
396,2050,825,2002
392,2050,817,2002
388,2050,809,2002
384,2050,802,2002
381,2050,794,2002
377,2050,787,2002
374,2050,780,2002
371,2050,773,2002
367,2050,766,2002
364,2050,759,2002
361,2050,753,2002
358,2050,747,2002
355,2050,741,2002
353,2050,735,2002
350,2050,729,2002
347,2050,724,2002
344,2050,718,2002
342,2050,713,2002
339,2050,708,2002
337,2050,703,2002
335,2050,698,2002
332,2050,693,2002
330,2050,688,2002
328,2050,684,2002
326,2050,679,2002
324,2050,675,2002
322,2050,671,2002
320,2050,667,2002
318,2050,663,2002
317,2050,660,2002
315,2050,656,2002
313,2050,653,2002
312,2050,649,2002
310,2050,646,2002
308,2050,642,2002
306,2050,638,2002
304,2050,634,2002
302,2050,629,2002
299,2050,624,2002
296,2050,617,2002
293,2050,610,2002
289,2050,602,2002
284,2049,593,2001
279,2049,582,2001
274,2049,570,2001
267,2049,557,2001
260,2049,542,2001
252,2049,525,2001
243,2049,507,2001
234,2049,487,2001
223,2049,465,2001
212,2049,442,2001
200,2049,417,2001
187,2049,391,2001
174,2049,363,2001
160,2049,334,2001
146,2049,304,2001
131,2049,273,2001
115,2049,241,2001
99,2049,208,2001
83,2049,174,2001
67,2049,140,2001
51,2049,106,2001
34,2049,71,2001
17,2049,37,2001
1,2049,2,2001
-15,2049,-32,2001
-32,2049,-67,2001
-48,2049,-101,2001
-65,2049,-135,2001
-81,2049,-170,2001
-97,2049,-204,2001
-114,2049,-237,2001
-130,2049,-271,2001
-146,2049,-304,2001
-161,2049,-337,2001
-177,2049,-370,2001
-193,2049,-402,2001
-208,2049,-434,2001
-224,2049,-466,2001
-239,2049,-498,2001
-254,2049,-529,2001
-269,2049,-560,2001
-283,2049,-591,2001
-298,2049,-621,2001
-312,2049,-651,2001
-326,2049,-680,2001
-340,2049,-710,2001
-354,2049,-739,2001
-368,2049,-767,2001
-382,2049,-795,2001
-395,2049,-823,2001
-408,2049,-851,2001
-421,2049,-878,2001
-434,2049,-906,2001
-447,2049,-932,2001
-460,2049,-959,2001
-473,2049,-986,2001
-486,2049,-1012,2001
-498,2049,-1038,2001
-511,2049,-1065,2001
-523,2049,-1091,2001
-536,2049,-1117,2001
-548,2049,-1143,2001
-561,2049,-1169,2001
-573,2049,-1195,2001
-586,2049,-1221,2001
-598,2049,-1246,2001
-610,2049,-1271,2001
-622,2049,-1296,2001
-634,2049,-1321,2001
-645,2049,-1345,2001
-656,2049,-1368,2001
-667,2049,-1390,2001
-677,2049,-1411,2001
-687,2049,-1431,2001
-696,2049,-1450,2001
-704,2049,-1468,2001
-712,2049,-1483,2001
-719,2049,-1497,2001
-724,2049,-1510,2001
-729,2049,-1520,2001
-733,2049,-1528,2001
-736,2049,-1535,2001
-738,2049,-1539,2001
-739,2049,-1541,2001
-740,2049,-1542,2001
-739,2049,-1540,2001
-737,2049,-1536,2001
-735,2049,-1531,2001
-731,2049,-1524,2001
-727,2049,-1516,2001
-722,2049,-1506,2001
-717,2049,-1495,2001
-711,2049,-1483,2001
-705,2049,-1470,2001
-699,2049,-1456,2001
-692,2049,-1442,2001
-685,2049,-1428,2001
-678,2049,-1413,2001
-671,2049,-1398,2001
-663,2049,-1382,2001
-656,2049,-1367,2001
-649,2049,-1352,2001
-641,2049,-1337,2001
-634,2049,-1322,2001
-627,2049,-1307,2001
-620,2049,-1292,2001
-613,2049,-1277,2001
-606,2049,-1262,2001
-599,2049,-1248,2001
-592,2049,-1233,2001
-585,2049,-1219,2001
-578,2049,-1205,2001
-571,2049,-1191,2001
-565,2049,-1177,2001
-558,2049,-1163,2001
-551,2049,-1149,2001
-545,2049,-1136,2001
-538,2049,-1122,2001
-532,2049,-1109,2001
-526,2049,-1096,2001
-520,2049,-1083,2001
-514,2049,-1071,2001
-508,2049,-1058,2001
-502,2049,-1046,2001
-496,2049,-1035,2001
-491,2049,-1023,2001
-485,2049,-1012,2001
-480,2049,-1001,2001
-475,2049,-990,2001
-470,2049,-980,2001
-465,2049,-969,2001
-460,2049,-959,2001
-456,2049,-950,2001
-451,2049,-940,2001
-447,2049,-931,2001
-442,2049,-922,2001
-438,2049,-913,2001
-434,2049,-904,2001
-430,2049,-895,2001
-425,2049,-887,2001
-421,2049,-878,2001
-417,2049,-870,2001
-414,2049,-862,2001
-410,2049,-854,2001
-406,2049,-846,2001
-402,2049,-838,2001
-398,2049,-830,2001
-394,2049,-822,2001
-391,2049,-814,2001
-387,2049,-806,2001
-383,2049,-799,2001
-380,2049,-791,2001
-376,2049,-783,2001
-372,2049,-776,2001
-369,2049,-769,2001
-365,2049,-761,2001
-362,2049,-754,2001
-358,2049,-747,2001
-355,2049,-740,2001
-352,2049,-733,2001
-349,2049,-727,2001
-346,2049,-720,2001
-343,2049,-714,2001
-340,2049,-708,2001
-337,2049,-702,2001
-334,2049,-697,2001
-332,2049,-691,2001
-329,2049,-686,2001
-327,2049,-681,2001
-324,2049,-676,2001
-322,2049,-672,2001
-320,2049,-667,2001
-318,2049,-663,2001
-316,2049,-659,2001
-314,2049,-655,2001
-312,2049,-651,2001
-310,2049,-647,2001
-309,2049,-643,2001
-307,2049,-639,2001
-305,2049,-635,2001
-303,2049,-631,2001
-300,2049,-626,2001
-298,2049,-621,2001
-295,2049,-615,2001
-292,2049,-609,2001
-288,2049,-602,2001
-285,2049,-594,2001
-280,2049,-585,2001
-275,2049,-574,2001
-270,2049,-563,2001
-264,2049,-550,2001
-257,2049,-536,2001
-250,2049,-521,2001
-242,2049,-504,2001
-233,2049,-485,2001
-223,2049,-465,2001
-213,2049,-444,2001
-202,2049,-421,2001
-190,2049,-396,2001
-177,2049,-370,2001
-164,2049,-342,2001
-150,2049,-313,2001
-136,2049,-284,2001
-121,2049,-253,2001
-106,2049,-221,2001
-90,2049,-188,2001
-74,2049,-155,2001
-58,2049,-121,2001
-41,2049,-86,2001
-25,2049,-52,2001
-8,2049,-17,2001
8,2049,17,2001
25,2049,52,2001
42,2049,87,2001
58,2049,122,2001
75,2049,157,2001
91,2049,191,2001
108,2049,225,2001
124,2049,259,2001
140,2049,292,2001
156,2049,325,2001
171,2049,357,2001
187,2049,389,2001
202,2049,421,2001
217,2049,452,2001
232,2049,483,2001
246,2049,514,2001
261,2049,544,2001
275,2049,574,2001
289,2049,603,2001
303,2049,633,2001
317,2049,662,2001
331,2049,690,2001
345,2049,719,2001
358,2049,747,2001
372,2049,775,2001
385,2049,804,2001
399,2049,832,2001
412,2049,860,2001
426,2049,887,2001
439,2049,915,2001
452,2049,943,2001
465,2049,970,2001
479,2049,998,2001
492,2049,1025,2001
505,2049,1052,2001
518,2049,1080,2001
531,2049,1107,2001
544,2049,1133,2001
556,2049,1160,2001
569,2049,1186,2001
581,2049,1212,2001
594,2049,1238,2001
606,2049,1263,2001
618,2049,1287,2001
629,2049,1311,2001
640,2049,1335,2001
651,2049,1357,2001
662,2049,1379,2001
672,2049,1400,2001
681,2049,1419,2001
690,2049,1438,2001
698,2049,1455,2001
705,2049,1470,2001
712,2049,1484,2001
718,2049,1496,2001
723,2049,1506,2001
727,2049,1515,2001
730,2049,1521,2001
732,2049,1526,2001
733,2049,1529,2001
734,2049,1529,2001
733,2049,1528,2001
732,2049,1525,2001
729,2049,1520,2001
726,2049,1513,2001
722,2049,1505,2001
718,2049,1496,2001
712,2049,1485,2001
707,2049,1473,2001
701,2049,1460,2001
694,2049,1446,2001
687,2049,1432,2001
680,2049,1417,2001
673,2049,1402,2001
666,2049,1387,2001
658,2049,1372,2001
651,2049,1356,2001
643,2049,1341,2001
636,2049,1326,2001
629,2049,1311,2001
622,2049,1296,2001
615,2049,1282,2001
608,2049,1267,2001
601,2049,1253,2001
595,2049,1240,2001
588,2049,1226,2001
582,2049,1213,2001
576,2049,1200,2001
569,2049,1187,2001
563,2049,1174,2001
557,2049,1161,2001
551,2049,1149,2001
545,2049,1137,2001
540,2049,1124,2001
534,2049,1112,2001
528,2049,1100,2001
522,2049,1089,2001
517,2049,1077,2001
511,2049,1065,2001
506,2049,1054,2001
500,2049,1042,2001
495,2049,1031,2001
489,2049,1020,2001
484,2049,1009,2001
479,2049,998,2001
474,2049,988,2001
469,2049,977,2001
464,2049,967,2001
459,2049,957,2001
454,2049,947,2001
450,2049,937,2001
445,2049,928,2001
441,2049,918,2001
436,2049,909,2001
432,2049,900,2001
428,2049,891,2001
423,2049,883,2001
419,2049,874,2001
415,2049,865,2001
411,2049,857,2001
407,2049,849,2001
403,2049,841,2001
400,2049,833,2001
396,2049,825,2001
392,2049,817,2001
389,2049,810,2001
385,2049,802,2001
381,2049,795,2001
378,2049,788,2001
375,2049,781,2001
371,2049,774,2001
368,2049,767,2001
365,2049,761,2001
362,2049,755,2001
359,2049,748,2001
356,2049,742,2001
353,2049,737,2001
351,2049,731,2001
348,2049,726,2001
346,2049,720,2001
343,2049,715,2001
341,2049,710,2001
338,2049,705,2001
336,2049,701,2001
334,2049,696,2001
332,2049,692,2001
330,2049,688,2001
328,2049,684,2001
326,2049,680,2001
324,2049,676,2001
322,2049,672,2001
321,2049,668,2001
319,2049,664,2001
317,2049,661,2001
315,2049,657,2001
313,2049,653,2001
311,2049,648,2001
309,2049,643,2001
306,2049,638,2001
303,2049,632,2001
300,2049,626,2001
297,2049,619,2001
293,2049,611,2001
289,2049,602,2001
284,2049,592,2001
278,2049,580,2001
272,2049,567,2001
265,2049,553,2001
258,2049,538,2001
250,2049,521,2001
241,2049,502,2001
231,2049,482,2001
221,2049,460,2001
210,2049,437,2001
198,2049,412,2001
185,2049,386,2001
172,2049,359,2001
158,2049,330,2001
144,2049,301,2001
129,2049,270,2001
114,2049,238,2001
98,2049,206,2001
83,2049,173,2001
66,2049,139,2001
50,2049,105,2001
34,2049,71,2001
17,2049,36,2001
0,2049,1,2001
-15,2049,-32,2001
-32,2049,-67,2001
-49,2049,-102,2001
-65,2049,-136,2001
-82,2049,-170,2001
-98,2049,-205,2001
-114,2049,-238,2001
-130,2049,-272,2001
-146,2049,-305,2001
-162,2049,-338,2001
-178,2049,-370,2001
-193,2049,-403,2001
-208,2049,-435,2001
-224,2049,-466,2001
-239,2049,-497,2001
-253,2049,-528,2001
-268,2049,-559,2001
-283,2049,-589,2001
-297,2049,-619,2001
-311,2049,-649,2001
-326,2049,-679,2001
-340,2049,-708,2001
-354,2049,-737,2001
-367,2049,-766,2001
-381,2049,-795,2001
-395,2049,-823,2001
-408,2049,-851,2001
-422,2049,-880,2001
-436,2049,-908,2001
-449,2049,-936,2001
-462,2049,-964,2001
-476,2049,-991,2001
-489,2049,-1019,2001
-502,2049,-1047,2001
-515,2049,-1074,2001
-528,2049,-1101,2001
-541,2049,-1128,2001
-554,2049,-1155,2001
-567,2049,-1182,2001
-580,2049,-1209,2001
-593,2049,-1235,2001
-605,2049,-1261,2001
-617,2049,-1286,2001
-629,2049,-1311,2001
-641,2049,-1335,2001
-652,2049,-1359,2001
-663,2049,-1382,2001
-674,2049,-1404,2001
-684,2049,-1425,2001
-693,2049,-1444,2001
-702,2049,-1463,2001
-710,2049,-1479,2001
-717,2049,-1495,2001
-724,2049,-1508,2001
-729,2049,-1520,2001
-734,2049,-1530,2001
-738,2049,-1538,2001
-741,2049,-1544,2001
-742,2049,-1547,2001
-743,2049,-1549,2001
-743,2049,-1549,2001
-742,2049,-1546,2001
-740,2049,-1542,2001
-737,2049,-1536,2001
-733,2049,-1528,2001
-729,2049,-1519,2001
-723,2049,-1508,2001
-718,2049,-1496,2001
-711,2049,-1482,2001
-704,2049,-1468,2001
-697,2049,-1453,2001
-690,2049,-1437,2001
-682,2049,-1421,2001
-674,2049,-1405,2001
-666,2049,-1388,2001
-658,2049,-1371,2001
-650,2049,-1354,2001
-642,2049,-1338,2001
-634,2049,-1321,2001
-626,2049,-1305,2001
-619,2049,-1289,2001
-611,2049,-1273,2001
-604,2049,-1258,2001
-597,2049,-1243,2001
-589,2049,-1228,2001
-583,2049,-1214,2001
-576,2049,-1200,2001
-569,2049,-1186,2001
-563,2049,-1173,2001
-556,2049,-1159,2001
-550,2049,-1146,2001
-544,2049,-1134,2001
-538,2049,-1121,2001
-532,2049,-1109,2001
-526,2049,-1097,2001
-520,2049,-1085,2001
-515,2049,-1073,2001
-509,2049,-1062,2001
-504,2049,-1050,2001
-499,2049,-1039,2001
-493,2049,-1028,2001
-488,2049,-1017,2001
-483,2049,-1007,2001
-478,2049,-996,2001
-473,2049,-985,2001
-468,2049,-975,2001
-463,2049,-965,2001
-458,2049,-955,2001
-453,2049,-945,2001
-448,2049,-935,2001
-444,2049,-925,2001
-439,2049,-915,2001
-435,2049,-906,2001
-430,2049,-897,2001
-426,2049,-887,2001
-421,2049,-878,2001
-417,2049,-870,2001
-413,2049,-861,2001
-409,2049,-852,2001
-405,2049,-844,2001
-401,2049,-836,2001
-397,2049,-828,2001
-393,2049,-820,2001
-390,2049,-812,2001
-386,2049,-805,2001
-382,2049,-797,2001
-379,2049,-790,2001
-375,2049,-782,2001
-372,2049,-775,2001
-369,2049,-768,2001
-365,2049,-762,2001
-362,2049,-755,2001
-359,2049,-748,2001
-356,2049,-742,2001
-353,2049,-736,2001
-350,2049,-730,2001
-347,2049,-724,2001
-345,2049,-719,2001
-342,2049,-713,2001
-339,2049,-708,2001
-337,2049,-703,2001
-335,2049,-698,2001
-332,2049,-693,2001
-330,2049,-689,2001
-328,2049,-684,2001
-326,2049,-680,2001
-324,2049,-676,2001
-322,2049,-672,2001
-320,2049,-668,2001
-319,2049,-664,2001
-317,2049,-661,2001
-315,2048,-657,2000
-313,2048,-654,2000
-312,2048,-650,2000
-310,2048,-646,2000
-308,2048,-643,2000
-306,2048,-639,2000
-304,2048,-635,2000
-302,2048,-630,2000
-300,2048,-625,2000
-297,2048,-619,2000
-294,2048,-612,2000
-290,2048,-605,2000
-286,2048,-596,2000
-281,2048,-586,2000
-276,2048,-575,2000
-270,2048,-562,2000
-263,2048,-548,2000
-255,2048,-532,2000
-247,2048,-515,2000
-237,2048,-495,2000
-227,2048,-474,2000
-216,2048,-451,2000
-204,2048,-426,2000
-192,2048,-400,2000
-179,2048,-373,2000
-165,2048,-344,2000
-150,2048,-313,2000
-135,2048,-282,2000
-120,2048,-250,2000
-104,2048,-217,2000
-88,2048,-183,2000
-71,2048,-149,2000
-55,2048,-115,2000
-39,2048,-81,2000
-22,2048,-46,2000
-6,2048,-12,2000
10,2048,21,2000
26,2048,56,2000
43,2048,90,2000
59,2048,123,2000
75,2048,157,2000
91,2048,190,2000
107,2048,223,2000
123,2048,256,2000
139,2048,289,2000
154,2048,322,2000
170,2048,355,2000
186,2048,387,2000
201,2048,420,2000
217,2048,452,2000
232,2048,484,2000
247,2048,516,2000
263,2048,548,2000
278,2048,580,2000
293,2048,611,2000
308,2048,642,2000
323,2048,673,2000
337,2048,704,2000
352,2048,734,2000
366,2048,764,2000
381,2048,794,2000
395,2048,823,2000
408,2048,852,2000
422,2048,880,2000
436,2048,908,2000
449,2048,936,2000
462,2048,964,2000
475,2048,991,2000
488,2048,1018,2000
501,2048,1045,2000
514,2048,1071,2000
526,2048,1097,2000
539,2048,1123,2000
551,2048,1149,2000
563,2048,1175,2000
576,2048,1200,2000
588,2048,1226,2000
600,2048,1251,2000
612,2048,1275,2000
623,2048,1300,2000
635,2048,1324,2000
646,2048,1347,2000
657,2048,1370,2000
668,2048,1392,2000
678,2048,1413,2000
687,2048,1433,2000
696,2048,1451,2000
705,2048,1469,2000
712,2048,1485,2000
719,2048,1499,2000
725,2048,1511,2000
730,2048,1522,2000
734,2048,1530,2000
738,2048,1537,2000
740,2048,1542,2000
741,2048,1544,2000
741,2048,1545,2000
741,2048,1543,2000
739,2048,1540,2000
737,2048,1535,2000
733,2048,1528,2000
729,2048,1520,2000
724,2048,1510,2000
719,2048,1499,2000
713,2048,1486,2000
707,2048,1473,2000
700,2048,1459,2000
693,2048,1444,2000
686,2048,1429,2000
678,2048,1413,2000
670,2048,1397,2000
663,2048,1381,2000
655,2048,1365,2000
647,2048,1349,2000
640,2048,1333,2000
632,2048,1318,2000
625,2048,1302,2000
617,2048,1287,2000
610,2048,1272,2000
603,2048,1257,2000
596,2048,1242,2000
589,2048,1228,2000
582,2048,1214,2000
576,2048,1200,2000
569,2048,1186,2000
562,2048,1173,2000
556,2048,1159,2000
550,2048,1146,2000
543,2048,1133,2000
537,2048,1120,2000
531,2048,1108,2000
525,2048,1095,2000
519,2048,1083,2000
513,2048,1071,2000
508,2048,1059,2000
502,2048,1047,2000
496,2048,1035,2000
491,2048,1023,2000
485,2048,1012,2000
480,2048,1001,2000
475,2048,990,2000
470,2048,979,2000
465,2048,969,2000
460,2048,958,2000
455,2048,948,2000
450,2048,938,2000
445,2048,928,2000
440,2048,918,2000
436,2048,909,2000
431,2048,899,2000
427,2048,890,2000
423,2048,881,2000
418,2048,872,2000
414,2048,863,2000
410,2048,854,2000
406,2048,846,2000
402,2048,837,2000
398,2048,829,2000
394,2048,821,2000
390,2048,813,2000
386,2048,805,2000
382,2048,797,2000
379,2048,790,2000
375,2048,782,2000
372,2048,775,2000
369,2048,768,2000
365,2048,762,2000
362,2048,755,2000
359,2048,749,2000
356,2048,742,2000
353,2048,736,2000
350,2048,731,2000
348,2048,725,2000
345,2048,719,2000
342,2048,714,2000
340,2048,709,2000
337,2048,703,2000
335,2048,698,2000
333,2048,694,2000
330,2048,689,2000
328,2048,684,2000
326,2048,680,2000
324,2048,676,2000
322,2048,671,2000
320,2048,667,2000
318,2048,664,2000
317,2048,660,2000
315,2048,656,2000
313,2048,653,2000
312,2048,649,2000
310,2048,646,2000
308,2048,642,2000
306,2048,639,2000
304,2048,635,2000
302,2048,630,2000
300,2048,625,2000
297,2048,620,2000
294,2048,613,2000
290,2048,606,2000
286,2048,597,2000
282,2048,587,2000
276,2048,576,2000
270,2048,564,2000
264,2048,550,2000
256,2048,534,2000
248,2048,517,2000
239,2048,498,2000
229,2048,477,2000
218,2048,455,2000
207,2048,431,2000
195,2048,406,2000
182,2048,379,2000
168,2048,351,2000
154,2048,322,2000
140,2048,291,2000
125,2048,260,2000
109,2048,228,2000
94,2048,195,2000
78,2048,162,2000
62,2048,129,2000
45,2048,95,2000
29,2048,61,2000
13,2048,27,2000
-3,2048,-6,2000
-19,2048,-40,2000
-35,2048,-74,2000
-51,2048,-108,2000
-67,2048,-141,2000
-83,2048,-174,2000
-99,2048,-208,2000
-115,2048,-240,2000
-131,2048,-273,2000
-146,2048,-306,2000
-162,2048,-338,2000
-177,2048,-370,2000
-193,2048,-402,2000
-208,2048,-434,2000
-223,2048,-466,2000
-238,2048,-497,2000
-253,2048,-528,2000
-268,2048,-559,2000
-283,2048,-590,2000
-298,2048,-620,2000
-312,2048,-651,2000
-326,2048,-680,2000
-340,2048,-710,2000
-354,2048,-739,2000
-368,2048,-768,2000
-382,2048,-796,2000
-395,2048,-824,2000
-409,2048,-852,2000
-422,2048,-880,2000
-435,2048,-907,2000
-448,2048,-934,2000
-461,2048,-961,2000
-474,2048,-988,2000
-487,2048,-1014,2000
-499,2048,-1041,2000
-512,2048,-1067,2000
-524,2048,-1093,2000
-537,2048,-1119,2000
-549,2048,-1145,2000
-562,2048,-1171,2000
-574,2048,-1196,2000
-586,2048,-1221,2000
-598,2048,-1247,2000
-610,2048,-1271,2000
-622,2048,-1296,2000
-633,2048,-1320,2000
-644,2048,-1343,2000
-655,2048,-1366,2000
-666,2048,-1387,2000
-676,2048,-1408,2000
-685,2048,-1428,2000
-694,2048,-1446,2000
-702,2048,-1463,2000
-709,2048,-1479,2000
-716,2048,-1492,2000
-722,2048,-1504,2000
-727,2048,-1515,2000
-731,2048,-1523,2000
-734,2048,-1529,2000
-736,2048,-1533,2000
-737,2048,-1535,2000
-737,2048,-1535,2000
-736,2048,-1534,2000
-734,2048,-1530,2000
-732,2048,-1525,2000
-728,2048,-1518,2000
-724,2048,-1510,2000
-720,2048,-1500,2000
-714,2048,-1489,2000
-709,2048,-1477,2000
-703,2048,-1464,2000
-696,2048,-1451,2000
-689,2048,-1437,2000
-682,2048,-1422,2000
-675,2048,-1407,2000
-668,2048,-1392,2000
-661,2048,-1377,2000
-653,2048,-1362,2000
-646,2048,-1346,2000
-639,2048,-1331,2000
-631,2048,-1316,2000
-624,2048,-1301,2000
-617,2048,-1286,2000
-610,2048,-1271,2000
-603,2048,-1257,2000
-596,2048,-1242,2000
-589,2048,-1228,2000
-582,2048,-1213,2000
-575,2048,-1199,2000
-569,2048,-1185,2000
-562,2048,-1172,2000
-556,2048,-1158,2000
-549,2048,-1145,2000
-543,2048,-1131,2000
-537,2048,-1118,2000
-530,2048,-1106,2000
-524,2048,-1093,2000
-518,2048,-1080,2000
-512,2048,-1068,2000
-507,2048,-1056,2000
-501,2048,-1044,2000
-495,2048,-1032,2000
-490,2048,-1021,2000
-484,2048,-1009,2000
-479,2048,-998,2000
-473,2048,-987,2000
-468,2048,-976,2000
-463,2048,-965,2000
-458,2048,-955,2000
-453,2048,-944,2000
-448,2048,-934,2000
-443,2048,-924,2000
-439,2048,-915,2000
-434,2048,-906,2000
-430,2048,-897,2000
-426,2048,-888,2000
-422,2048,-879,2000
-418,2048,-871,2000
-414,2048,-863,2000
-410,2048,-856,2000
-407,2048,-848,2000
-403,2048,-841,2000
-400,2048,-834,2000
-397,2048,-827,2000
-394,2048,-820,2000
-390,2048,-814,2000
-387,2048,-807,2000
-384,2048,-801,2000
-381,2048,-794,2000
-378,2048,-788,2000
-375,2048,-782,2000
-372,2048,-775,2000
-369,2048,-769,2000
-366,2048,-763,2000
-363,2048,-756,2000
-360,2048,-750,2000
-357,2048,-744,2000
-354,2048,-737,2000
-351,2048,-731,2000
-348,2048,-725,2000
-345,2048,-719,2000
-342,2048,-713,2000
-339,2048,-707,2000
-336,2048,-701,2000
-333,2048,-695,2000
-331,2048,-690,2000
-328,2048,-684,2000
-326,2048,-679,2000
-323,2048,-674,2000
-321,2048,-669,2000
-319,2048,-664,2000
-316,2048,-660,2000
-314,2048,-655,2000
-312,2048,-651,2000
-310,2048,-646,2000
-308,2048,-642,2000
-306,2048,-637,2000
-303,2048,-632,2000
-301,2048,-627,2000
-298,2048,-622,2000
-295,2048,-616,2000
-292,2048,-609,2000
-289,2048,-602,2000
-285,2048,-594,2000
-280,2048,-584,2000
-275,2048,-574,2000
-269,2048,-562,2000
-263,2048,-549,2000
-256,2048,-534,2000
-248,2048,-517,2000
-240,2048,-500,2000
-230,2048,-480,2000
-220,2048,-459,2000
-209,2048,-436,2000
-197,2048,-412,2000
-185,2048,-386,2000
-172,2048,-359,2000
-158,2048,-331,2000
-144,2048,-301,2000
-130,2048,-271,2000
-115,2048,-239,2000
-99,2048,-207,2000
-84,2048,-175,2000
-68,2048,-142,2000
-52,2048,-108,2000
-36,2048,-75,2000
-20,2048,-41,2000
-3,2048,-8,2000
12,2048,25,2000
28,2048,59,2000
44,2048,92,2000
60,2048,125,2000
76,2048,158,2000
91,2048,191,2000
107,2048,224,2000
123,2048,256,2000
138,2048,288,2000
153,2048,320,2000
168,2048,352,2000
184,2048,383,2000
199,2048,414,2000
213,2048,445,2000
228,2048,476,2000
243,2048,507,2000
257,2048,537,2000
272,2048,567,2000
286,2048,597,2000
300,2048,626,2000
315,2048,656,2000
329,2048,685,2000
343,2048,714,2000
356,2048,743,2000
370,2048,772,2000
384,2048,801,2000
398,2048,829,2000
411,2048,858,2000
425,2048,886,2000
439,2048,914,2000
452,2048,942,2000
466,2048,970,2000
479,2048,998,2000
492,2048,1026,2000
506,2048,1054,2000
519,2048,1081,2000
532,2048,1108,2000
545,2048,1136,2000
558,2048,1162,2000
570,2048,1189,2000
583,2048,1215,2000
595,2048,1241,2000
608,2048,1266,2000
620,2048,1291,2000
631,2048,1316,2000
643,2048,1339,2000
654,2048,1362,2000
664,2048,1384,2000
674,2048,1405,2000
684,2048,1425,2000
693,2048,1444,2000
701,2048,1461,2000
709,2048,1477,2000
716,2048,1491,2000
721,2048,1504,2000
727,2048,1514,2000
731,2048,1523,2000
734,2048,1530,2000
736,2048,1534,2000
738,2048,1537,2000
738,2048,1538,2000
737,2048,1537,2000
736,2048,1533,2000
733,2048,1528,2000
730,2048,1522,2000
726,2048,1513,2000
722,2048,1504,2000
716,2048,1493,2000
710,2048,1480,2000
704,2048,1467,2000
697,2048,1453,2000
690,2048,1438,2000
683,2048,1423,2000
675,2048,1407,2000
668,2048,1392,2000
660,2048,1376,2000
652,2048,1360,2000
645,2048,1344,2000
637,2048,1328,2000
630,2048,1312,2000
622,2048,1297,2000
615,2048,1282,2000
608,2048,1268,2000
601,2048,1253,2000
595,2048,1239,2000
588,2048,1226,2000
582,2048,1213,2000
575,2048,1199,2000
569,2048,1187,2000
563,2048,1174,2000
557,2048,1162,2000
551,2048,1149,2000
546,2048,1137,2000
540,2048,1125,2000
534,2048,1113,2000
528,2048,1101,2000
523,2048,1089,2000
517,2048,1077,2000
511,2048,1065,2000
505,2048,1053,2000
500,2048,1042,2000
494,2048,1030,2000
488,2048,1018,2000
483,2048,1006,2000
477,2048,994,2000
471,2048,982,2000
466,2048,971,2000
460,2048,959,2000
455,2048,948,2000
449,2048,937,2000
444,2048,926,2000
439,2048,915,2000
434,2048,904,2000
429,2048,894,2000
424,2048,884,2000
419,2048,874,2000
415,2048,865,2000
410,2048,855,2000
406,2048,847,2000
402,2048,838,2000
398,2048,830,2000
394,2048,822,2000
391,2048,814,2000
387,2048,807,2000
384,2048,800,2000
381,2048,794,2000
378,2048,787,2000
375,2048,781,2000
372,2048,775,2000
369,2048,769,2000
366,2048,764,2000
364,2048,758,2000
361,2048,753,2000
359,2048,748,2000
357,2048,743,2000
354,2048,738,2000
352,2048,733,2000
350,2048,729,2000
347,2048,724,2000
345,2048,719,2000
343,2048,715,2000
341,2048,710,2000
339,2048,706,2000
337,2048,702,2000
335,2048,697,2000
333,2048,693,2000
331,2048,689,2000
329,2048,685,2000
327,2048,682,2000
325,2048,678,2000
323,2048,674,2000
322,2048,671,2000
320,2048,667,2000
318,2048,664,2000
316,2048,660,2000
314,2048,656,2000
312,2048,652,2000
310,2048,647,2000
308,2048,642,2000
305,2048,636,2000
302,2048,630,2000
298,2048,622,2000
294,2048,614,2000
290,2048,605,2000
285,2048,594,2000
279,2048,583,2000
273,2048,570,2000
266,2048,555,2000
258,2048,539,2000
250,2048,522,2000
241,2048,502,2000
231,2048,482,2000
220,2048,459,2000
209,2048,436,2000
197,2048,410,2000
184,2048,384,2000
170,2048,356,2000
156,2048,326,2000
142,2048,296,2000
127,2048,265,2000
111,2048,233,2000
96,2048,200,2000
80,2048,166,2000
63,2048,133,2000
47,2048,99,2000
31,2048,64,2000
14,2048,30,2000
-1,2048,-3,2000
-18,2048,-38,2000
-34,2048,-72,2000
-50,2048,-106,2000
-67,2048,-139,2000
-83,2048,-173,2000
-98,2048,-206,2000
-114,2048,-238,2000
-130,2048,-271,2000
-145,2048,-303,2000
-160,2048,-334,2000
-175,2048,-366,2000
-190,2048,-397,2000
-205,2048,-427,2000
-219,2048,-458,2000
-234,2048,-488,2000
-248,2048,-518,2000
-263,2048,-548,2000
-277,2048,-577,2000
-291,2048,-607,2000
-305,2048,-636,2000
-319,2048,-665,2000
-333,2048,-694,2000
-347,2048,-723,2000
-361,2048,-752,2000
-374,2048,-780,2000
-388,2048,-809,2000
-402,2048,-838,2000
-415,2048,-866,2000
-429,2048,-895,2000
-443,2048,-923,2000
-456,2048,-951,2000
-470,2048,-979,2000
-483,2048,-1007,2000
-497,2048,-1035,2000
-510,2048,-1063,2000
-523,2048,-1090,2000
-536,2048,-1118,2000
-549,2048,-1145,2000
-562,2048,-1172,2000
-575,2048,-1198,2000
-587,2048,-1224,2000
-600,2048,-1250,2000
-612,2048,-1276,2000
-624,2048,-1301,2000
-636,2048,-1325,2000
-647,2048,-1348,2000
-658,2048,-1371,2000
-668,2048,-1393,2000
-678,2048,-1413,2000
-688,2048,-1433,2000
-696,2048,-1451,2000
-704,2048,-1468,2000
-712,2048,-1483,2000
-718,2048,-1497,2000
-724,2048,-1508,2000
-728,2048,-1518,2000
-732,2048,-1526,2000
-735,2048,-1532,2000
-737,2048,-1536,2000
-738,2048,-1538,2000
-738,2048,-1538,2000
-737,2048,-1536,2000
-735,2048,-1532,2000
-732,2048,-1527,2000
-729,2048,-1519,2000
-725,2048,-1511,2000
-720,2048,-1501,2000
-715,2048,-1490,2000
-709,2048,-1478,2000
-703,2048,-1465,2000
-696,2048,-1451,2000
-689,2048,-1437,2000
-683,2048,-1422,2000
-675,2048,-1408,2000
-668,2048,-1393,2000
-661,2048,-1377,2000
-654,2048,-1362,2000
-646,2048,-1347,2000
-639,2048,-1332,2000
-632,2048,-1317,2000
-625,2048,-1302,2000
-618,2048,-1287,2000
-611,2048,-1273,2000
-604,2048,-1258,2000
-597,2048,-1243,2000
-590,2048,-1229,2000
-583,2048,-1214,2000
-576,2048,-1200,2000
-569,2048,-1186,2000
-562,2048,-1171,2000
-555,2048,-1157,2000
-549,2048,-1143,2000
-542,2048,-1129,2000
-535,2048,-1116,2000
-529,2048,-1102,2000
-522,2048,-1088,2000
-516,2048,-1075,2000
-510,2048,-1062,2000
-504,2048,-1049,2000
-498,2048,-1037,2000
-492,2048,-1025,2000
-486,2048,-1013,2000
-481,2048,-1002,2000
-475,2048,-991,2000
-470,2048,-980,2000
-465,2048,-969,2000
-460,2048,-959,2000
-456,2048,-950,2000
-451,2048,-940,2000
-447,2048,-931,2000
-442,2048,-922,2000
-438,2048,-913,2000
-434,2048,-905,2000
-430,2048,-897,2000
-427,2048,-889,2000
-423,2048,-881,2000
-419,2048,-874,2000
-415,2048,-866,2000
-412,2048,-858,2000
-408,2048,-851,2000
-405,2048,-844,2000
-401,2048,-836,2000
-398,2048,-829,2000
-394,2048,-822,2000
-391,2048,-815,2000
-388,2048,-808,2000
-384,2048,-801,2000
-381,2048,-794,2000
-378,2048,-787,2000
-374,2048,-780,2000
-371,2048,-774,2000
-368,2048,-767,2000
-365,2048,-761,2000
-362,2048,-754,2000
-359,2048,-748,2000
-356,2048,-742,2000
-353,2048,-736,2000
-350,2048,-730,2000
-348,2048,-725,2000
-345,2048,-720,2000
-343,2048,-714,2000
-340,2048,-709,2000
-338,2048,-705,2000
-336,2048,-700,2000
-334,2048,-695,2000
-332,2048,-691,2000
-329,2048,-687,2000
-327,2048,-683,2000
-325,2048,-679,2000
-324,2048,-675,2000
-322,2048,-670,2000
-320,2048,-666,2000
-318,2048,-662,2000
-315,2048,-658,2000
-313,2048,-653,2000
-311,2048,-648,2000
-308,2048,-643,2000
-306,2048,-638,2000
-303,2048,-632,2000
-300,2048,-625,2000
-296,2048,-618,2000
-292,2048,-610,2000
-288,2048,-601,2000
-283,2048,-591,2000
-278,2048,-580,2000
-272,2048,-567,2000
-266,2048,-554,2000
-258,2048,-539,2000
-251,2048,-523,2000
-242,2048,-505,2000
-233,2048,-486,2000
-223,2048,-465,2000
-212,2048,-443,2000
-201,2048,-419,2000
-189,2048,-394,2000
-176,2048,-368,2000
-163,2048,-340,2000
-149,2048,-311,2000
-135,2048,-281,2000
-120,2048,-251,2000
-105,2048,-219,2000
-89,2048,-187,2000
-73,2048,-154,2000
-57,2048,-120,2000
-41,2048,-87,2000
-25,2048,-53,2000
-9,2048,-19,2000
7,2048,15,2000
23,2048,49,2000
39,2048,83,2000
56,2048,117,2000
72,2048,150,2000
88,2048,184,2000
104,2048,217,2000
120,2048,250,2000
136,2048,283,2000
152,2048,316,2000
167,2048,349,2000
183,2048,381,2000
198,2048,414,2000
214,2048,446,2000
229,2048,478,2000
244,2048,509,2000
259,2048,541,2000
274,2048,572,2000
289,2048,603,2000
304,2048,634,2000
318,2048,664,2000
333,2048,694,2000
347,2048,724,2000
361,2048,754,2000
376,2048,783,2000
389,2048,812,2000
403,2048,841,2000
417,2048,869,2000
430,2048,897,2000
443,2048,924,2000
457,2048,952,2000
470,2048,979,2000
483,2048,1006,2000
495,2048,1033,2000
508,2048,1059,2000
521,2048,1085,2000
533,2048,1112,2000
546,2048,1137,2000
558,2048,1163,2000
570,2048,1189,2000
582,2048,1214,2000
594,2048,1239,2000
606,2048,1264,2000
618,2048,1288,2000
629,2048,1312,2000
641,2048,1335,2000
652,2048,1358,2000
662,2048,1380,2000
672,2048,1400,2000
682,2048,1420,2000
691,2048,1439,2000
699,2048,1456,2000
706,2048,1472,2000
713,2048,1486,2000
719,2048,1498,2000
724,2048,1509,2000
728,2048,1518,2000
732,2048,1525,2000
734,2048,1529,2000
735,2048,1532,2000
736,2048,1533,2000
735,2048,1531,2000
733,2048,1528,2000
731,2048,1524,2000
728,2048,1517,2000
724,2048,1509,2000
719,2048,1499,2000
714,2048,1489,2000
709,2048,1477,2000
702,2048,1464,2000
696,2048,1450,2000
689,2048,1436,2000
682,2048,1421,2000
675,2048,1406,2000
667,2048,1390,2000
660,2048,1375,2000
652,2048,1359,2000
644,2048,1343,2000
637,2048,1327,2000
630,2048,1312,2000
622,2048,1297,2000
615,2048,1281,2000
608,2048,1266,2000
601,2048,1252,2000
594,2048,1237,2000
587,2048,1223,2000
580,2048,1208,2000
573,2048,1195,2000
567,2048,1181,2000
560,2048,1167,2000
554,2048,1154,2000
547,2048,1141,2000
541,2048,1128,2000
535,2048,1115,2000
529,2048,1103,2000
523,2048,1091,2000
518,2048,1079,2000
512,2048,1067,2000
506,2048,1055,2000
501,2048,1044,2000
495,2048,1032,2000
490,2048,1021,2000
485,2048,1010,2000
479,2048,999,2000
474,2048,989,2000
469,2048,979,2000
465,2048,968,2000
460,2048,958,2000
455,2048,949,2000
451,2048,939,2000
446,2048,930,2000
442,2048,921,2000
437,2048,912,2000
433,2048,903,2000
429,2048,895,2000
425,2048,886,2000
421,2048,878,2000
417,2048,870,2000
414,2048,862,2000
410,2048,855,2000
406,2048,847,2000
403,2048,839,2000
399,2048,832,2000
395,2048,824,2000
392,2048,817,2000
388,2048,810,2000
385,2048,802,2000
381,2048,795,2000
378,2048,787,2000
374,2048,780,2000
371,2048,773,2000
367,2048,766,2000
364,2048,758,2000
360,2048,751,2000
357,2048,745,2000
354,2048,738,2000
351,2048,731,2000
348,2048,725,2000
345,2048,719,2000
342,2048,713,2000
339,2048,707,2000
337,2048,702,2000
334,2048,697,2000
332,2048,692,2000
330,2048,687,2000
328,2048,683,2000
326,2048,679,2000
324,2048,675,2000
322,2048,672,2000
321,2048,668,2000
319,2048,665,2000
317,2048,662,2000
316,2048,659,2000
314,2048,656,2000
313,2048,652,2000
311,2048,649,2000
309,2048,645,2000
307,2048,641,2000
305,2048,636,2000
303,2048,631,2000
300,2048,625,2000
297,2048,619,2000
293,2048,611,2000
289,2048,603,2000
284,2048,593,2000
279,2048,582,2000
273,2048,569,2000
266,2048,555,2000
259,2048,539,2000
250,2048,522,2000
241,2048,503,2000
232,2048,483,2000
221,2048,461,2000
210,2048,437,2000
197,2048,412,2000
185,2048,385,2000
171,2048,357,2000
157,2048,327,2000
142,2048,297,2000
127,2048,265,2000
111,2048,232,2000
95,2048,199,2000
79,2048,165,2000
62,2048,131,2000
46,2048,96,2000
29,2048,61,2000
12,2048,26,2000
-4,2048,-8,2000
-20,2048,-43,2000
-37,2048,-77,2000
-53,2048,-112,2000
-70,2048,-146,2000
-86,2048,-180,2000
-102,2048,-213,2000
-118,2048,-246,2000
-134,2048,-279,2000
-149,2048,-312,2000
-165,2048,-344,2000
-180,2048,-376,2000
-195,2048,-408,2000
-210,2048,-439,2000
-225,2048,-470,2000
-240,2048,-501,2000
-255,2048,-531,2000
-269,2048,-562,2000
-284,2048,-592,2000
-298,2048,-621,2000
-312,2048,-651,2000
-326,2048,-680,2000
-340,2048,-709,2000
-354,2048,-738,2000
-368,2048,-766,2000
-381,2048,-794,2000
-395,2048,-822,2000
-408,2048,-850,2000
-421,2048,-878,2000
-434,2048,-905,2000
-447,2048,-932,2000
-460,2048,-959,2000
-473,2048,-986,2000
-486,2048,-1013,2000
-499,2048,-1040,2000
-511,2048,-1066,2000
-524,2048,-1093,2000
-537,2048,-1119,2000
-550,2048,-1145,2000
-562,2048,-1172,2000
-575,2048,-1198,2000
-587,2048,-1224,2000
-600,2048,-1250,2000
-612,2048,-1275,2000
-624,2048,-1300,2000
-636,2048,-1325,2000
-647,2048,-1349,2000
-658,2048,-1372,2000
-669,2048,-1394,2000
-679,2048,-1415,2000
-689,2048,-1435,2000
-698,2048,-1454,2000
-706,2048,-1471,2000
-713,2048,-1486,2000
-720,2048,-1500,2000
-725,2048,-1512,2000
-730,2048,-1522,2000
-734,2048,-1529,2000
-737,2048,-1535,2000
-738,2048,-1539,2000
-739,2048,-1541,2000
-739,2048,-1540,2000
-738,2048,-1538,2000
-736,2048,-1534,2000
-733,2048,-1529,2000
-730,2048,-1521,2000
-726,2048,-1513,2000
-721,2048,-1503,2000
-716,2048,-1491,2000
-710,2048,-1479,2000
-703,2048,-1466,2000
-697,2048,-1452,2000
-690,2048,-1438,2000
-683,2048,-1423,2000
-676,2048,-1408,2000
-668,2048,-1392,2000
-661,2048,-1377,2000
-653,2048,-1361,2000
-646,2048,-1345,2000
-638,2048,-1330,2000
-631,2048,-1314,2000
-623,2048,-1299,2000
-616,2048,-1284,2000
-609,2048,-1269,2000
-602,2048,-1254,2000
-595,2048,-1239,2000
-588,2048,-1225,2000
-581,2048,-1211,2000
-574,2048,-1197,2000
-568,2048,-1183,2000
-561,2048,-1170,2000
-555,2048,-1156,2000
-549,2048,-1143,2000
-542,2048,-1130,2000
-536,2048,-1118,2000
-530,2048,-1105,2000
-524,2048,-1093,2000
-518,2048,-1080,2000
-513,2048,-1068,2000
-507,2048,-1056,2000
-501,2048,-1045,2000
-496,2048,-1033,2000
-490,2048,-1021,2000
-485,2048,-1010,2000
-479,2048,-999,2000
-474,2048,-987,2000
-469,2048,-976,2000
-463,2048,-966,2000
-458,2048,-955,2000
-453,2048,-944,2000
-448,2048,-934,2000
-443,2048,-924,2000
-439,2048,-914,2000
-434,2048,-904,2000
-429,2048,-895,2000
-425,2048,-886,2000
-421,2048,-877,2000
-416,2048,-868,2000
-412,2048,-859,2000
-408,2048,-850,2000
-404,2048,-842,2000
-400,2048,-834,2000
-396,2048,-826,2000
-393,2048,-818,2000
-389,2048,-811,2000
-385,2048,-803,2000
-382,2048,-796,2000
-378,2048,-789,2000
-375,2048,-782,2000
-372,2048,-775,2000
-368,2048,-768,2000
-365,2048,-762,2000
-362,2048,-755,2000
-359,2048,-749,2000
-356,2048,-743,2000
-353,2048,-737,2000
-350,2048,-731,2000
-348,2048,-725,2000
-345,2048,-719,2000
-342,2048,-714,2000
-340,2048,-708,2000
-337,2048,-703,2000
-335,2048,-698,2000
-332,2048,-693,2000
-330,2048,-688,2000
-328,2048,-683,2000
-325,2048,-679,2000
-323,2048,-674,2000
-321,2048,-670,2000
-319,2048,-666,2000
-317,2048,-662,2000
-315,2048,-657,2000
-313,2048,-653,2000
-311,2048,-649,2000
-309,2048,-645,2000
-307,2048,-641,2000
-305,2048,-636,2000
-303,2048,-632,2000
-300,2048,-626,2000
-298,2048,-621,2000
-295,2048,-614,2000
-291,2048,-607,2000
-288,2048,-600,2000
-283,2048,-591,2000
-279,2048,-581,2000
-273,2048,-570,2000
-267,2048,-558,2000
-261,2048,-544,2000
-254,2048,-529,2000
-246,2048,-513,2000
-237,2048,-495,2000
-228,2048,-476,2000
-218,2048,-455,2000
-208,2048,-433,2000
-196,2048,-409,2000
-184,2048,-384,2000
-172,2048,-358,2000
-158,2048,-331,2000
-145,2048,-302,2000
-130,2048,-272,2000
-116,2048,-242,2000
-101,2048,-210,2000
-85,2048,-178,2000
-70,2048,-145,2000
-54,2048,-112,2000
-37,2048,-79,2000
-21,2048,-45,2000
-5,2048,-10,2000
11,2048,23,2000
27,2048,57,2000
44,2048,91,2000
60,2048,126,2000
76,2048,160,2000
93,2048,194,2000
109,2048,227,2000
125,2048,261,2000
141,2048,294,2000
156,2048,326,2000
172,2048,359,2000
187,2048,391,2000
202,2048,422,2000
217,2048,454,2000
232,2048,484,2000
247,2048,515,2000
261,2048,545,2000
276,2048,575,2000
290,2048,604,2000
304,2048,633,2000
317,2048,662,2000
331,2048,690,2000
345,2048,719,2000
358,2048,747,2000
372,2048,775,2000
385,2048,802,2000
398,2048,830,2000
411,2048,858,2000
425,2048,885,2000
438,2048,913,2000
451,2048,940,2000
464,2048,968,2000
477,2048,995,2000
490,2048,1022,2000
503,2048,1049,2000
516,2048,1076,2000
529,2048,1103,2000
542,2048,1130,2000
555,2048,1157,2000
568,2048,1184,2000
580,2048,1210,2000
593,2048,1236,2000
605,2048,1261,2000
617,2048,1286,2000
629,2048,1311,2000
640,2048,1335,2000
652,2048,1358,2000
662,2048,1380,2000
672,2048,1401,2000
682,2048,1421,2000
691,2048,1440,2000
699,2048,1457,2000
707,2048,1473,2000
714,2048,1487,2000
719,2048,1499,2000
725,2048,1510,2000
729,2048,1518,2000
732,2048,1525,2000
734,2048,1529,2000
735,2048,1532,2000
735,2048,1533,2000
735,2048,1531,2000
733,2048,1528,2000
731,2048,1523,2000
728,2048,1516,2000
724,2048,1508,2000
719,2048,1498,2000
714,2048,1487,2000
708,2048,1475,2000
702,2048,1462,2000
695,2048,1448,2000
688,2048,1434,2000
681,2048,1419,2000
674,2048,1404,2000
666,2048,1389,2000
659,2048,1374,2000
652,2048,1358,2000
644,2048,1343,2000
637,2048,1328,2000
630,2048,1312,2000
623,2048,1298,2000
616,2048,1283,2000
608,2048,1268,2000
602,2048,1254,2000
595,2048,1239,2000
588,2048,1225,2000
581,2048,1211,2000
574,2048,1197,2000
568,2048,1183,2000
561,2048,1169,2000
554,2048,1156,2000
548,2048,1142,2000
541,2048,1128,2000
535,2048,1115,2000
529,2048,1102,2000
523,2048,1089,2000
517,2048,1077,2000
511,2048,1064,2000
505,2048,1052,2000
499,2048,1040,2000
494,2048,1029,2000
488,2048,1018,2000
483,2048,1007,2000
478,2048,997,2000
473,2048,986,2000
469,2048,977,2000
464,2048,967,2000
459,2048,958,2000
455,2048,948,2000
451,2048,940,2000
447,2048,931,2000
442,2048,922,2000
438,2048,914,2000
434,2048,905,2000
430,2048,897,2000
426,2048,889,2000
423,2048,881,2000
419,2048,873,2000
415,2048,865,2000
411,2048,857,2000
407,2048,849,2000
403,2048,841,2000
399,2048,833,2000
396,2048,825,2000
392,2048,817,2000
388,2048,809,2000
385,2048,802,2000
381,2048,794,2000
377,2048,787,2000
374,2048,779,2000
370,2048,772,2000
367,2048,764,2000
363,2048,757,2000
360,2048,750,2000
356,2048,743,2000
353,2048,736,2000
350,2048,730,2000
347,2048,723,2000
344,2048,717,2000
341,2048,711,2000
338,2048,705,2000
336,2048,700,2000
333,2048,695,2000
331,2048,690,2000
329,2048,685,2000
327,2048,681,2000
325,2048,677,2000
323,2048,673,2000
321,2048,670,2000
320,2048,666,2000
318,2048,663,2000
317,2048,660,2000
315,2048,657,2000
314,2048,654,2000
312,2048,651,2000
311,2048,647,2000
309,2048,644,2000
307,2048,640,2000
305,2048,635,2000
302,2048,630,2000
299,2048,624,2000
296,2048,617,2000
292,2048,610,2000
288,2048,601,2000
283,2048,591,2000
278,2048,580,2000
272,2048,567,2000
265,2048,553,2000
258,2048,537,2000
250,2048,520,2000
241,2048,502,2000
231,2048,481,2000
220,2048,459,2000
209,2048,436,2000
197,2048,411,2000
185,2048,385,2000
171,2048,358,2000
158,2048,329,2000
143,2048,299,2000
129,2048,269,2000
113,2048,237,2000
98,2048,205,2000
82,2048,172,2000
66,2048,138,2000
50,2048,105,2000
34,2048,70,2000
17,2048,36,2000
1,2048,2,2000
-15,2048,-32,2000
-31,2048,-66,2000
-48,2048,-100,2000
-64,2048,-135,2000
-81,2048,-169,2000
-97,2048,-203,2000
-113,2048,-236,2000
-129,2048,-270,2000
-145,2048,-303,2000
-161,2048,-336,2000
-177,2048,-369,2000
-193,2048,-402,2000
-208,2048,-434,2000
-224,2048,-466,2000
-239,2048,-498,2000
-254,2048,-530,2000
-269,2048,-561,2000
-284,2048,-592,2000
-299,2048,-623,2000
-313,2048,-653,2000
-328,2048,-683,2000
-342,2048,-713,2000
-356,2048,-742,2000
-370,2048,-771,2000
-384,2048,-800,2000
-397,2048,-829,2000
-411,2048,-857,2000
-425,2048,-885,2000
-438,2048,-913,2000
-451,2048,-941,2000
-465,2048,-969,2000
-478,2048,-996,2000
-491,2048,-1023,2000
-504,2048,-1050,2000
-517,2048,-1077,2000
-529,2048,-1104,2000
-542,2048,-1130,2000
-555,2048,-1156,2000
-567,2048,-1182,2000
-579,2048,-1208,2000
-591,2048,-1233,2000
-603,2048,-1258,2000
-615,2048,-1282,2000
-627,2048,-1306,2000
-638,2048,-1329,2000
-649,2048,-1352,2000
-659,2048,-1374,2000
-669,2048,-1395,2000
-679,2048,-1414,2000
-688,2048,-1433,2000
-696,2048,-1451,2000
-704,2048,-1467,2000
-711,2048,-1481,2000
-717,2048,-1494,2000
-722,2048,-1505,2000
-727,2048,-1514,2000
-730,2048,-1522,2000
-733,2048,-1527,2000
-734,2048,-1531,2000
-735,2048,-1532,2000
-735,2048,-1532,2000
-734,2048,-1529,2000
-732,2048,-1525,2000
-729,2048,-1519,2000
-725,2048,-1511,2000
-721,2048,-1502,2000
-716,2048,-1492,2000
-710,2048,-1480,2000
-704,2048,-1466,2000
-697,2048,-1452,2000
-690,2048,-1438,2000
-682,2048,-1422,2000
-675,2048,-1406,2000
-667,2048,-1390,2000
-659,2048,-1373,2000
-651,2048,-1357,2000
-643,2048,-1340,2000
-635,2048,-1324,2000
-627,2048,-1307,2000
-620,2048,-1291,2000
-612,2048,-1276,2000
-605,2048,-1261,2000
-598,2048,-1246,2000
-591,2048,-1231,2000
-584,2048,-1217,2000
-578,2048,-1204,2000
-571,2048,-1191,2000
-565,2048,-1178,2000
-559,2048,-1165,2000
-553,2048,-1153,2000
-547,2048,-1141,2000
-542,2048,-1129,2000
-536,2048,-1118,2000
-531,2048,-1106,2000
-525,2048,-1095,2000
-520,2048,-1083,2000
-514,2048,-1072,2000
-509,2048,-1061,2000
-503,2048,-1049,2000
-498,2048,-1038,2000
-493,2048,-1027,2000
-487,2048,-1016,2000
-482,2048,-1004,2000
-477,2048,-993,2000
-471,2048,-982,2000
-466,2048,-972,2000
-461,2048,-961,2000
-456,2048,-951,2000
-451,2048,-941,2000
-447,2048,-931,2000
-442,2048,-922,2000
-438,2048,-912,2000
-433,2048,-903,2000
-429,2048,-895,2000
-425,2048,-886,2000
-421,2048,-878,2000
-417,2048,-870,2000
-414,2048,-862,2000
-410,2048,-855,2000
-407,2048,-847,2000
-403,2048,-840,2000
-400,2048,-833,2000
-396,2048,-826,2000
-393,2048,-819,2000
-389,2048,-812,2000
-386,2048,-805,2000
-383,2048,-798,2000
-380,2048,-791,2000
-377,2048,-785,2000
-373,2048,-778,2000
-370,2048,-772,2000
-368,2048,-766,2000
-365,2048,-760,2000
-362,2048,-755,2000
-359,2048,-749,2000
-357,2048,-744,2000
-354,2048,-739,2000
-352,2048,-734,2000
-350,2048,-729,2000
-347,2048,-724,2000
-345,2048,-720,2000
-343,2048,-715,2000
-341,2048,-711,2000
-339,2048,-707,2000
-337,2048,-702,2000
-335,2048,-698,2000
-333,2048,-694,2000
-331,2048,-690,2000
-329,2048,-686,2000
-327,2048,-682,2000
-325,2048,-678,2000
-323,2048,-674,2000
-321,2048,-669,2000
-319,2048,-665,2000
-317,2048,-660,2000
-314,2048,-655,2000
-311,2048,-650,2000
-309,2048,-644,2000
-305,2048,-637,2000
-302,2048,-630,2000
-298,2048,-622,2000
-294,2048,-613,2000
-289,2048,-603,2000
-284,2048,-592,2000
-278,2048,-580,2000
-272,2048,-567,2000
-265,2048,-552,2000
-257,2048,-536,2000
-249,2048,-519,2000
-240,2048,-500,2000
-230,2048,-480,2000
-220,2048,-458,2000
-209,2048,-435,2000
-197,2048,-411,2000
-184,2048,-385,2000
-171,2048,-358,2000
-158,2048,-330,2000
-144,2048,-301,2000
-130,2048,-271,2000
-115,2048,-240,2000
-100,2048,-209,2000
-85,2048,-177,2000
-69,2048,-145,2000
-54,2048,-112,2000
-38,2048,-79,2000
-22,2048,-46,2000
-6,2048,-13,2000
9,2048,19,2000
25,2048,52,2000
41,2048,85,2000
57,2048,118,2000
72,2048,151,2000
88,2048,184,2000
104,2048,217,2000
120,2048,250,2000
135,2048,283,2000
151,2048,316,2000
167,2048,348,2000
182,2048,381,2000
198,2048,413,2000
213,2048,445,2000
229,2048,477,2000
244,2048,509,2000
259,2048,541,2000
274,2048,572,2000
289,2048,603,2000
304,2048,634,2000
318,2048,664,2000
333,2048,694,2000
347,2048,724,2000
361,2048,754,2000
375,2048,783,2000
389,2048,812,2000
403,2048,840,2000
416,2048,868,2000
430,2048,896,2000
443,2048,923,2000
456,2048,950,2000
468,2048,977,2000
481,2048,1003,2000
494,2048,1029,2000
506,2048,1056,2000
519,2048,1081,2000
531,2048,1107,2000
543,2048,1132,2000
555,2048,1158,2000
567,2048,1183,2000
579,2048,1208,2000
591,2048,1232,2000
603,2048,1257,2000
615,2048,1281,2000
626,2048,1305,2000
637,2048,1328,2000
648,2048,1351,2000
658,2048,1372,2000
669,2048,1394,2000
678,2048,1414,2000
688,2048,1433,2000
696,2048,1451,2000
704,2048,1467,2000
711,2048,1483,2000
718,2048,1496,2000
723,2048,1508,2000
728,2048,1518,2000
732,2048,1526,2000
735,2048,1532,2000
737,2048,1536,2000
738,2048,1538,2000
738,2048,1538,2000
737,2048,1536,2000
735,2048,1533,2000
733,2048,1527,2000
729,2048,1520,2000
725,2048,1511,2000
720,2048,1501,2000
715,2048,1490,2000
709,2048,1477,2000
703,2048,1464,2000
696,2048,1450,2000
689,2048,1435,2000
681,2048,1420,2000
674,2048,1404,2000
666,2048,1388,2000
658,2048,1372,2000
650,2048,1356,2000
643,2048,1339,2000
635,2048,1323,2000
627,2048,1307,2000
619,2048,1291,2000
612,2048,1275,2000
604,2048,1260,2000
597,2048,1244,2000
590,2048,1229,2000
582,2048,1214,2000
575,2048,1199,2000
568,2048,1185,2000
561,2048,1170,2000
555,2048,1156,2000
548,2048,1142,2000
541,2048,1128,2000
535,2048,1115,2000
529,2048,1102,2000
522,2048,1089,2000
516,2048,1076,2000
510,2048,1063,2000
504,2048,1051,2000
498,2048,1039,2000
493,2048,1027,2000
487,2048,1016,2000
482,2048,1004,2000
476,2048,993,2000
471,2048,982,2000
466,2048,972,2000
461,2048,961,2000
456,2048,951,2000
451,2048,941,2000
447,2048,931,2000
442,2048,922,2000
438,2048,912,2000
433,2048,903,2000
429,2048,894,2000
424,2048,885,2000
420,2048,876,2000
416,2048,867,2000
412,2048,859,2000
408,2048,851,2000
404,2048,842,2000
400,2048,835,2000
397,2048,827,2000
393,2048,819,2000
389,2048,812,2000
386,2048,805,2000
383,2048,798,2000
379,2048,791,2000
376,2048,784,2000
373,2048,777,2000
370,2048,771,2000
367,2048,765,2000
364,2048,759,2000
361,2048,753,2000
358,2048,747,2000
356,2048,741,2000
353,2048,736,2000
350,2048,730,2000
348,2048,725,2000
345,2048,720,2000
343,2048,715,2000
341,2048,711,2000
339,2048,706,2000
337,2048,702,2000
334,2048,698,2000
333,2048,694,2000
331,2048,690,2000
329,2048,686,2000
327,2048,682,2000
325,2048,678,2000
323,2048,675,2000
322,2048,671,2000
320,2048,667,2000
318,2048,664,2000
316,2048,660,2000
314,2048,656,2000
312,2048,652,2000
310,2048,647,2000
308,2048,642,2000
305,2048,636,2000
302,2048,630,2000
299,2048,623,2000
295,2048,616,2000
291,2048,607,2000
287,2048,598,2000
282,2048,587,2000
276,2048,575,2000
270,2048,562,2000
263,2048,548,2000
255,2048,532,2000
247,2048,515,2000
238,2048,496,2000
228,2048,476,2000
218,2048,454,2000
207,2048,431,2000
195,2048,406,2000
182,2048,380,2000
169,2048,353,2000
155,2048,324,2000
141,2048,294,2000
126,2048,264,2000
111,2048,232,2000
96,2048,200,2000
80,2048,167,2000
64,2048,133,2000
47,2048,99,2000
31,2048,65,2000
14,2048,30,2000
-1,2048,-3,2000
-18,2048,-38,2000
-34,2048,-72,2000
-51,2048,-106,2000
-67,2048,-140,2000
-83,2048,-174,2000
-99,2048,-208,2000
-115,2048,-241,2000
-131,2048,-274,2000
-147,2048,-306,2000
-162,2048,-339,2000
-178,2048,-370,2000
-193,2048,-402,2000
-208,2048,-433,2000
-223,2048,-464,2000
-237,2048,-495,2000
-252,2048,-525,2000
-266,2048,-556,2000
-281,2048,-586,2000
-295,2048,-615,2000
-309,2048,-645,2000
-323,2048,-674,2000
-337,2048,-704,2000
-351,2048,-733,2000
-365,2048,-762,2000
-379,2048,-791,2000
-393,2048,-820,2000
-407,2048,-849,2000
-421,2048,-877,2000
-434,2048,-906,2000
-448,2048,-935,2000
-462,2048,-963,2000
-476,2048,-992,2000
-489,2048,-1020,2000
-503,2048,-1048,2000
-516,2048,-1076,2000
-529,2048,-1103,2000
-542,2048,-1131,2000
-555,2048,-1158,2000
-568,2048,-1184,2000
-581,2048,-1210,2000
-593,2048,-1236,2000
-605,2048,-1261,2000
-617,2048,-1286,2000
-628,2048,-1310,2000
-639,2048,-1333,2000
-650,2048,-1356,2000
-661,2048,-1377,2000
-671,2048,-1398,2000
-680,2048,-1418,2000
-689,2048,-1437,2000
-698,2048,-1454,2000
-706,2048,-1471,2000
-713,2048,-1485,2000
-719,2048,-1499,2000
-725,2048,-1510,2000
-729,2048,-1520,2000
-733,2048,-1528,2000
-736,2048,-1534,2000
-738,2048,-1539,2000
-739,2048,-1541,2000
-740,2048,-1541,2000
-739,2048,-1540,2000
-737,2048,-1536,2000
-735,2048,-1531,2000
-731,2048,-1524,2000
-727,2048,-1515,2000
-723,2048,-1506,2000
-717,2048,-1494,2000
-711,2048,-1482,2000
-705,2048,-1469,2000
-698,2048,-1455,2000
-691,2048,-1440,2000
-684,2048,-1425,2000
-676,2048,-1410,2000
-669,2048,-1394,2000
-661,2048,-1378,2000
-654,2048,-1363,2000
-646,2048,-1347,2000
-639,2048,-1331,2000
-631,2048,-1316,2000
-624,2048,-1300,2000
-617,2048,-1285,2000
-609,2048,-1270,2000
-602,2048,-1255,2000
-595,2048,-1240,2000
-588,2048,-1225,2000
-581,2048,-1210,2000
-574,2048,-1196,2000
-567,2048,-1181,2000
-560,2048,-1167,2000
-553,2048,-1152,2000
-546,2048,-1138,2000
-539,2048,-1124,2000
-533,2048,-1110,2000
-526,2048,-1097,2000
-520,2048,-1083,2000
-513,2048,-1070,2000
-507,2048,-1058,2000
-501,2048,-1045,2000
-495,2048,-1033,2000
-490,2048,-1021,2000
-484,2048,-1010,2000
-479,2048,-998,2000
-474,2048,-987,2000
-468,2048,-977,2000
-463,2048,-966,2000
-459,2048,-956,2000
-454,2048,-946,2000
-449,2048,-936,2000
-445,2048,-927,2000
-440,2048,-917,2000
-436,2048,-908,2000
-431,2048,-899,2000
-427,2048,-891,2000
-423,2048,-882,2000
-419,2048,-874,2000
-415,2048,-865,2000
-411,2048,-857,2000
-407,2048,-849,2000
-404,2048,-841,2000
-400,2048,-834,2000
-396,2048,-826,2000
-393,2048,-819,2000
-389,2048,-811,2000
-386,2048,-804,2000
-382,2048,-797,2000
-379,2048,-790,2000
-376,2048,-783,2000
-372,2048,-776,2000
-369,2048,-770,2000
-366,2048,-763,2000
-363,2048,-757,2000
-360,2048,-750,2000
-357,2048,-744,2000
-354,2048,-738,2000
-351,2048,-732,2000
-348,2048,-726,2000
-345,2048,-720,2000
-343,2048,-715,2000
-340,2048,-710,2000
-338,2048,-705,2000
-335,2048,-700,2000
-333,2048,-695,2000
-331,2048,-690,2000
-329,2048,-686,2000
-327,2048,-682,2000
-325,2048,-677,2000
-323,2048,-673,2000
-321,2048,-670,2000
-319,2048,-666,2000
-317,2048,-662,2000
-316,2048,-658,2000
-314,2048,-654,2000
-312,2048,-651,2000
-310,2048,-647,2000
-308,2048,-643,2000
-306,2048,-639,2000
-304,2048,-634,2000
-302,2048,-629,2000
-299,2048,-624,2000
-296,2048,-617,2000
-293,2048,-610,2000
-289,2048,-603,2000
-285,2048,-594,2000
-280,2048,-584,2000
-275,2048,-573,2000
-269,2048,-560,2000
-262,2048,-546,2000
-255,2048,-531,2000
-246,2048,-513,2000
-237,2048,-495,2000
-227,2048,-474,2000
-217,2048,-452,2000
-206,2048,-429,2000
-193,2048,-403,2000
-181,2048,-377,2000
-167,2048,-349,2000
-153,2048,-319,2000
-138,2048,-289,2000
-123,2048,-257,2000
-107,2048,-224,2000
-91,2048,-191,2000
-75,2048,-157,2000
-59,2048,-123,2000
-42,2048,-88,2000
-25,2048,-54,2000
-9,2048,-19,2000
7,2048,15,2000
24,2048,50,2000
41,2048,85,2000
57,2048,119,2000
74,2048,154,2000
90,2048,188,2000
106,2048,221,2000
122,2048,255,2000
138,2048,288,2000
154,2048,321,2000
169,2048,353,2000
185,2048,386,2000
200,2048,418,2000
216,2048,450,2000
231,2048,481,2000
246,2048,513,2000
261,2048,544,2000
276,2048,575,2000
290,2048,606,2000
305,2048,636,2000
320,2048,666,2000
334,2048,696,2000
348,2048,726,2000
362,2048,756,2000
376,2048,785,2000
390,2048,814,2000
404,2048,843,2000
418,2048,871,2000
431,2048,899,2000
445,2048,927,2000
458,2048,955,2000
471,2048,983,2000
484,2048,1010,2000
498,2048,1037,2000
510,2048,1064,2000
523,2048,1091,2000
536,2048,1117,2000
549,2048,1144,2000
561,2048,1170,2000
574,2048,1196,2000
586,2048,1222,2000
598,2048,1247,2000
610,2048,1272,2000
622,2048,1297,2000
634,2048,1321,2000
645,2048,1345,2000
656,2048,1367,2000
667,2048,1389,2000
677,2048,1410,2000
686,2048,1430,2000
695,2048,1449,2000
703,2048,1466,2000
711,2048,1482,2000
718,2048,1496,2000
724,2048,1508,2000
729,2048,1518,2000
733,2048,1527,2000
736,2048,1533,2000
738,2048,1538,2000
739,2048,1541,2000
740,2048,1541,2000
739,2048,1540,2000
738,2048,1537,2000
735,2048,1533,2000
732,2048,1526,2000
729,2048,1518,2000
724,2048,1509,2000
719,2048,1499,2000
714,2048,1487,2000
708,2048,1475,2000
701,2048,1462,2000
695,2048,1448,2000
688,2048,1434,2000
681,2048,1419,2000
674,2048,1404,2000
666,2048,1389,2000
659,2048,1373,2000
652,2048,1358,2000
644,2048,1342,2000
637,2048,1327,2000
629,2048,1312,2000
622,2048,1296,2000
615,2048,1281,2000
607,2048,1266,2000
600,2048,1251,2000
593,2048,1236,2000
586,2048,1221,2000
579,2048,1206,2000
572,2048,1192,2000
565,2048,1177,2000
558,2048,1163,2000
551,2048,1149,2000
545,2048,1136,2000
539,2048,1122,2000
532,2048,1109,2000
526,2048,1097,2000
520,2048,1084,2000
514,2048,1072,2000
508,2048,1060,2000
503,2048,1048,2000
497,2048,1037,2000
492,2048,1025,2000
487,2048,1014,2000
481,2048,1003,2000
476,2048,993,2000
471,2048,982,2000
466,2048,972,2000
461,2048,961,2000
456,2048,951,2000
451,2048,941,2000
447,2048,931,2000
442,2048,921,2000
437,2048,911,2000
432,2048,902,2000
428,2048,892,2000
423,2048,883,2000
419,2048,874,2000
415,2048,865,2000
411,2048,856,2000
406,2048,847,2000
403,2048,839,2000
399,2048,831,2000
395,2048,823,2000
391,2048,816,2000
388,2048,809,2000
385,2048,802,2000
381,2048,795,2000
378,2048,788,2000
375,2048,782,2000
372,2048,775,2000
369,2048,769,2000
366,2048,763,2000
363,2048,757,2000
360,2048,751,2000
357,2048,745,2000
355,2048,739,2000
352,2048,734,2000
349,2048,728,2000
346,2048,722,2000
344,2048,716,2000
341,2048,711,2000
338,2048,705,2000
335,2048,699,2000
333,2048,694,2000
330,2048,689,2000
328,2048,684,2000
325,2048,679,2000
323,2048,674,2000
321,2048,669,2000
319,2048,665,2000
317,2048,661,2000
315,2048,656,2000
313,2048,652,2000
311,2048,648,2000
309,2048,645,2000
307,2048,640,2000
305,2048,636,2000
303,2048,632,2000
301,2048,627,2000
298,2048,622,2000
295,2048,616,2000
292,2048,609,2000
288,2048,601,2000
284,2048,593,2000
279,2048,583,2000
274,2048,572,2000
268,2048,560,2000
262,2048,546,2000
254,2048,531,2000
246,2048,514,2000
238,2048,496,2000
228,2048,476,2000
218,2048,454,2000
207,2048,431,2000
195,2048,406,2000
182,2048,380,2000
169,2048,353,2000
155,2048,324,2000
141,2048,294,2000
126,2048,263,2000
111,2048,231,2000
95,2048,198,2000
79,2048,165,2000
63,2048,131,2000
46,2048,97,2000
30,2048,62,2000
13,2048,27,2000
-3,2048,-6,2000
-20,2048,-41,2000
-36,2048,-76,2000
-53,2048,-111,2000
-70,2048,-146,2000
-86,2048,-180,2000
-103,2048,-214,2000
-119,2048,-248,2000
-135,2048,-282,2000
-151,2048,-315,2000
-167,2048,-348,2000
-182,2048,-381,2000
-198,2048,-413,2000
-213,2048,-444,2000
-228,2048,-476,2000
-243,2048,-507,2000
-258,2048,-538,2000
-272,2048,-568,2000
-287,2048,-598,2000
-301,2048,-628,2000
-315,2048,-657,2000
-329,2048,-687,2000
-343,2048,-716,2000
-357,2048,-745,2000
-371,2048,-773,2000
-385,2048,-802,2000
-398,2048,-830,2000
-412,2048,-858,2000
-425,2048,-886,2000
-438,2048,-914,2000
-452,2048,-942,2000
-465,2048,-969,2000
-478,2048,-996,2000
-491,2048,-1023,2000
-504,2048,-1050,2000
-517,2048,-1077,2000
-529,2048,-1103,2000
-542,2048,-1129,2000
-554,2048,-1155,2000
-566,2048,-1180,2000
-578,2048,-1205,2000
-590,2048,-1230,2000
-602,2048,-1254,2000
-613,2048,-1278,2000
-624,2048,-1301,2000
-635,2048,-1324,2000
-646,2048,-1345,2000
-656,2048,-1367,2000
-666,2048,-1387,2000
-675,2048,-1407,2000
-684,2048,-1425,2000
-692,2048,-1442,2000
-700,2048,-1459,2000
-707,2048,-1473,2000
-713,2048,-1487,2000
-719,2048,-1498,2000
-724,2048,-1508,2000
-728,2048,-1517,2000
-731,2048,-1523,2000
-733,2048,-1528,2000
-735,2048,-1531,2000
-735,2048,-1532,2000
-735,2048,-1532,2000
-734,2048,-1529,2000
-732,2048,-1525,2000
-729,2048,-1519,2000
-725,2048,-1512,2000
-721,2048,-1503,2000
-717,2048,-1494,2000
-711,2048,-1482,2000
-705,2048,-1470,2000
-699,2048,-1457,2000
-693,2048,-1443,2000
-686,2048,-1429,2000
-678,2048,-1414,2000
-671,2048,-1398,2000
-663,2048,-1383,2000
-656,2048,-1367,2000
-648,2048,-1350,2000
-640,2048,-1334,2000
-632,2048,-1318,2000
-624,2048,-1301,2000
-617,2048,-1285,2000
-609,2048,-1269,2000
-601,2048,-1253,2000
-594,2048,-1237,2000
-586,2048,-1221,2000
-579,2048,-1206,2000
-571,2048,-1191,2000
-564,2048,-1176,2000
-557,2048,-1161,2000
-550,2048,-1147,2000
-544,2048,-1133,2000
-537,2048,-1119,2000
-531,2048,-1106,2000
-524,2048,-1093,2000
-518,2048,-1080,2000
-512,2048,-1068,2000
-506,2048,-1055,2000
-501,2048,-1044,2000
-495,2048,-1032,2000
-490,2048,-1021,2000
-485,2048,-1010,2000
-479,2048,-999,2000
-474,2048,-989,2000
-470,2048,-979,2000
-465,2048,-969,2000
-460,2048,-960,2000
-456,2048,-950,2000
-451,2048,-941,2000
-447,2048,-932,2000
-443,2048,-923,2000
-439,2048,-915,2000
-435,2048,-907,2000
-431,2048,-898,2000
-427,2048,-890,2000
-423,2048,-882,2000
-420,2048,-875,2000
-416,2048,-867,2000
-412,2048,-859,2000
-409,2048,-852,2000
-405,2048,-844,2000
-401,2048,-837,2000
-398,2048,-829,2000
-394,2048,-822,2000
-391,2048,-815,2000
-387,2048,-807,2000
-384,2048,-800,2000
-380,2048,-793,2000
-377,2048,-785,2000
-373,2048,-778,2000
-370,2048,-771,2000
-367,2048,-764,2000
-363,2048,-757,2000
-360,2048,-750,2000
-357,2048,-743,2000
-354,2048,-737,2000
-350,2048,-730,2000
-347,2048,-724,2000
-345,2048,-718,2000
-342,2048,-712,2000
-339,2048,-707,2000
-336,2048,-701,2000
-334,2048,-696,2000
-332,2048,-691,2000
-329,2048,-686,2000
-327,2048,-682,2000
-325,2048,-677,2000
-323,2048,-673,2000
-321,2048,-669,2000
-319,2048,-664,2000
-317,2048,-660,2000
-315,2048,-656,2000
-313,2048,-652,2000
-311,2048,-648,2000
-308,2048,-643,2000
-306,2048,-639,2000
-304,2048,-634,2000
-301,2048,-629,2000
-299,2048,-623,2000
-296,2048,-617,2000
-293,2048,-610,2000
-289,2048,-603,2000
-285,2048,-594,2000
-281,2048,-585,2000
-276,2048,-575,2000
-270,2048,-563,2000
-264,2048,-550,2000
-257,2048,-536,2000
-250,2048,-521,2000
-241,2048,-504,2000
-232,2048,-485,2000
-223,2048,-465,2000
-212,2048,-443,2000
-201,2048,-419,2000
-189,2048,-394,2000
-176,2048,-368,2000
-163,2048,-340,2000
-149,2048,-311,2000
-134,2048,-281,2000
-119,2048,-249,2000
-104,2048,-217,2000
-88,2048,-184,2000
-72,2048,-150,2000
-55,2048,-116,2000
-39,2048,-81,2000
-22,2048,-46,2000
-5,2048,-11,2000
11,2048,23,2000
28,2048,58,2000
44,2048,93,2000
61,2048,128,2000
78,2048,163,2000
94,2048,197,2000
111,2048,231,2000
127,2048,265,2000
143,2048,298,2000
159,2048,332,2000
175,2048,365,2000
190,2048,397,2000
206,2048,429,2000
221,2048,461,2000
236,2048,493,2000
251,2048,524,2000
266,2048,555,2000
281,2048,585,2000
295,2048,615,2000
309,2048,645,2000
323,2048,674,2000
337,2048,703,2000
351,2048,732,2000
365,2048,760,2000
378,2048,788,2000
392,2048,816,2000
405,2048,844,2000
418,2048,871,2000
431,2048,898,2000
444,2048,925,2000
457,2048,952,2000
469,2048,978,2000
482,2048,1005,2000
495,2048,1031,2000
507,2048,1057,2000
520,2048,1083,2000
532,2048,1109,2000
545,2048,1135,2000
557,2048,1160,2000
569,2048,1186,2000
581,2048,1211,2000
593,2048,1236,2000
605,2048,1261,2000
617,2048,1286,2000
628,2048,1310,2000
640,2048,1333,2000
651,2048,1356,2000
661,2048,1378,2000
671,2048,1399,2000
681,2048,1418,2000
690,2048,1437,2000
698,2048,1455,2000
706,2048,1471,2000
713,2048,1485,2000
719,2048,1498,2000
724,2048,1508,2000
728,2048,1517,2000
732,2048,1524,2000
734,2048,1529,2000
735,2048,1532,2000
736,2048,1533,2000
735,2048,1533,2000
734,2048,1530,2000
732,2048,1525,2000
