1490,2148,886,2100
1468,2148,839,2100
1460,2148,823,2100
1479,2147,862,2099
1486,2147,876,2099
1469,2147,841,2099
1495,2147,896,2099
1482,2147,869,2099
1470,2146,845,2098
1465,2146,834,2098
1460,2146,823,2098
1477,2146,858,2098
1465,2146,833,2098
1439,2145,778,2097
1458,2145,820,2097
1477,2145,858,2097
1448,2145,797,2097
1453,2145,809,2097
1460,2144,823,2096
1461,2144,825,2096
1475,2144,854,2096
1505,2144,916,2096
1520,2144,948,2096
1527,2144,962,2096
1549,2143,1008,2095
1545,2143,1001,2095
1567,2143,1046,2095
1580,2143,1074,2095
1584,2143,1082,2095
1633,2142,1183,2094
1613,2142,1142,2094
1656,2142,1232,2094
1672,2142,1265,2094
1691,2142,1305,2094
1707,2141,1337,2093
1710,2141,1344,2093
1737,2141,1400,2093
1783,2141,1496,2093
1798,2141,1527,2093
1792,2140,1516,2092
1816,2140,1564,2092
1811,2140,1554,2092
1833,2140,1601,2092
1854,2140,1644,2092
1907,2140,1755,2092
1887,2139,1712,2091
1909,2139,1758,2091
1943,2139,1830,2091
1944,2139,1831,2091
1967,2139,1880,2091
1958,2138,1860,2090
2016,2138,1982,2090
2014,2138,1977,2090
2029,2138,2008,2090
2042,2138,2035,2090
2052,2138,2056,2090
2072,2137,2097,2089
2108,2137,2172,2089
2124,2137,2207,2089
2127,2137,2214,2089
2150,2137,2260,2089
2167,2137,2296,2089
2182,2136,2327,2088
2203,2136,2371,2088
2221,2136,2409,2088
2211,2136,2388,2088
2266,2136,2501,2088
2253,2135,2475,2087
2263,2135,2495,2087
2297,2135,2567,2087
2291,2135,2554,2087
2340,2135,2656,2087
2356,2135,2690,2087
2389,2134,2758,2086
2355,2134,2688,2086
2400,2134,2781,2086
2416,2134,2814,2086
2417,2134,2816,2086
2423,2134,2830,2086
2469,2133,2924,2085
2471,2133,2930,2085
2513,2133,3018,2085
2517,2133,3024,2085
2527,2133,3046,2085
2581,2133,3158,2085
2587,2132,3172,2084
2577,2132,3150,2084
2584,2132,3166,2084
2609,2132,3216,2084
2629,2132,3259,2084
2663,2132,3329,2084
2674,2131,3353,2083
2687,2131,3380,2083
2719,2131,3446,2083
2708,2131,3424,2083
2725,2131,3458,2083
2720,2131,3449,2083
2714,2130,3436,2082
2724,2130,3455,2082
2730,2130,3469,2082
2704,2130,3415,2082
2685,2130,3375,2082
2703,2130,3413,2082
2715,2129,3437,2081
2720,2129,3447,2081
2707,2129,3421,2081
2720,2129,3447,2081
2691,2129,3388,2081
2682,2129,3369,2081
2681,2128,3367,2080
2675,2128,3354,2080
2694,2128,3394,2080
2677,2128,3357,2080
2685,2128,3374,2080
2684,2128,3373,2080
2678,2127,3360,2079
2691,2127,3389,2079
2657,2127,3317,2079
2660,2127,3324,2079
2668,2127,3341,2079
2681,2127,3367,2079
2689,2127,3384,2079
2646,2126,3293,2078
2662,2126,3328,2078
2670,2126,3343,2078
2649,2126,3300,2078
2671,2126,3346,2078
2641,2126,3283,2078
2660,2125,3323,2077
2663,2125,3328,2077
2681,2125,3366,2077
2635,2125,3270,2077
2641,2125,3284,2077
2617,2125,3233,2077
2634,2124,3270,2076
2639,2124,3278,2076
2629,2124,3259,2076
2619,2124,3238,2076
2648,2124,3297,2076
2633,2124,3266,2076
2629,2124,3258,2076
2641,2123,3283,2075
2639,2123,3280,2075
2606,2123,3210,2075
2632,2123,3266,2075
2638,2123,3278,2075
2599,2123,3196,2075
2642,2123,3285,2075
2608,2122,3214,2074
2597,2122,3191,2074
2626,2122,3253,2074
2606,2122,3210,2074
2625,2122,3251,2074
2636,2122,3273,2074
2625,2121,3249,2073
2613,2121,3226,2073
2613,2121,3226,2073
2629,2121,3258,2073
2616,2121,3231,2073
2580,2121,3157,2073
2617,2121,3234,2073
2628,2120,3256,2072
2607,2120,3213,2072
2620,2120,3240,2072
2619,2120,3237,2072
2614,2120,3228,2072
2623,2120,3246,2072
2585,2120,3167,2072
2623,2119,3245,2071
2629,2119,3259,2071
2646,2119,3294,2071
2602,2119,3203,2071
2590,2119,3178,2071
2589,2119,3175,2071
2609,2119,3217,2071
2606,2118,3210,2070
2615,2118,3229,2070
2593,2118,3184,2070
2598,2118,3193,2070
2626,2118,3253,2070
2611,2118,3220,2070
2637,2118,3275,2070
2585,2117,3167,2069
2617,2117,3234,2069
2639,2117,3279,2069
2620,2117,3239,2069
2606,2117,3209,2069
2626,2117,3251,2069
2611,2117,3221,2069
2631,2117,3263,2069
2594,2116,3185,2068
2627,2116,3255,2068
2593,2116,3184,2068
2633,2116,3267,2068
2622,2116,3243,2068
2588,2116,3173,2068
2626,2116,3253,2068
2618,2115,3235,2067
2636,2115,3274,2067
2662,2115,3327,2067
2643,2115,3288,2067
2637,2115,3275,2067
2617,2115,3234,2067
2643,2115,3288,2067
2651,2114,3303,2066
2618,2114,3236,2066
2647,2114,3297,2066
2633,2114,3267,2066
2615,2114,3229,2066
2617,2114,3234,2066
2580,2114,3157,2066
2565,2114,3124,2066
2531,2113,3054,2065
2521,2113,3033,2065
2537,2113,3067,2065
2481,2113,2951,2065
2479,2113,2945,2065
2488,2113,2965,2065
2439,2113,2862,2065
2456,2113,2897,2065
2435,2112,2853,2064
2373,2112,2724,2064
2378,2112,2735,2064
2363,2112,2703,2064
2332,2112,2640,2064
2316,2112,2607,2064
2305,2112,2584,2064
2276,2112,2523,2064
2274,2111,2518,2063
2274,2111,2518,2063
2263,2111,2495,2063
2209,2111,2382,2063
2203,2111,2371,2063
2229,2111,2425,2063
2180,2111,2323,2063
2168,2111,2298,2063
2131,2110,2222,2062
2151,2110,2262,2062
2108,2110,2174,2062
2082,2110,2118,2062
2076,2110,2106,2062
2084,2110,2122,2062
2038,2110,2027,2062
2035,2110,2021,2062
2027,2109,2005,2061
1984,2109,1914,2061
1974,2109,1894,2061
1969,2109,1884,2061
1937,2109,1816,2061
1910,2109,1761,2061
1940,2109,1823,2061
1903,2109,1746,2061
1910,2108,1761,2060
1820,2108,1574,2060
1839,2108,1612,2060
1827,2108,1587,2060
1786,2108,1503,2060
1806,2108,1545,2060
1762,2108,1452,2060
1754,2108,1436,2060
1712,2107,1349,2059
1704,2107,1331,2059
1693,2107,1309,2059
1683,2107,1287,2059
1684,2107,1289,2059
1648,2107,1215,2059
1632,2107,1180,2059
1572,2107,1056,2059
1609,2107,1133,2059
1572,2106,1056,2058
1577,2106,1067,2058
1548,2106,1006,2058
1545,2106,999,2058
1486,2106,878,2058
1527,2106,963,2058
1442,2106,786,2058
1452,2106,807,2058
1474,2105,853,2057
1404,2105,706,2057
1427,2105,753,2057
1433,2105,767,2057
1409,2105,718,2057
1377,2105,650,2057
1410,2105,718,2057
1363,2105,620,2057
1395,2105,687,2057
1367,2104,629,2056
1385,2104,668,2056
1335,2104,563,2056
1409,2104,716,2056
1392,2104,682,2056
1398,2104,694,2056
1364,2104,622,2056
1398,2104,693,2056
1371,2104,638,2056
1405,2103,707,2055
1376,2103,648,2055
1387,2103,672,2055
1396,2103,691,2055
1432,2103,766,2055
1407,2103,713,2055
1418,2103,735,2055
1421,2103,743,2055
1394,2103,685,2055
1425,2102,751,2054
1430,2102,761,2054
1423,2102,745,2054
1423,2102,746,2054
1431,2102,762,2054
1455,2102,813,2054
1437,2102,774,2054
1440,2102,782,2054
1440,2102,781,2054
1422,2101,744,2053
1443,2101,787,2053
1474,2101,851,2053
1440,2101,782,2053
1422,2101,743,2053
1444,2101,790,2053
1447,2101,795,2053
1491,2101,887,2053
1434,2101,768,2053
1466,2101,835,2053
1469,2100,841,2052
1482,2100,869,2052
1469,2100,841,2052
1487,2100,880,2052
1459,2100,820,2052
1454,2100,811,2052
1463,2100,830,2052
1481,2100,866,2052
1465,2100,833,2052
1465,2099,834,2051
1494,2099,894,2051
1498,2099,902,2051
1469,2099,842,2051
1487,2099,879,2051
1466,2099,835,2051
1466,2099,836,2051
1471,2099,846,2051
1471,2099,847,2051
1506,2099,918,2051
1501,2098,909,2050
1491,2098,888,2050
1505,2098,917,2050
1477,2098,857,2050
1466,2098,836,2050
1464,2098,831,2050
1471,2098,845,2050
1469,2098,843,2050
1463,2098,829,2050
1490,2098,886,2050
1482,2097,868,2049
1489,2097,883,2049
1465,2097,834,2049
1495,2097,895,2049
1471,2097,845,2049
1480,2097,865,2049
1498,2097,903,2049
1489,2097,883,2049
1476,2097,856,2049
1487,2097,880,2049
1489,2096,884,2048
1528,2096,964,2048
1486,2096,877,2048
1477,2096,858,2048
1496,2096,898,2048
1496,2096,898,2048
1473,2096,850,2048
1497,2096,899,2048
1479,2096,862,2048
1499,2096,905,2048
1473,2096,850,2048
1474,2095,853,2047
1503,2095,913,2047
1486,2095,878,2047
1490,2095,886,2047
1485,2095,874,2047
1461,2095,824,2047
1473,2095,851,2047
1479,2095,863,2047
1477,2095,857,2047
1459,2095,821,2047
1464,2094,831,2046
1482,2094,870,2046
1469,2094,841,2046
1452,2094,806,2046
1458,2094,818,2046
1460,2094,822,2046
1459,2094,821,2046
1452,2094,806,2046
1499,2094,904,2046
1460,2094,822,2046
1451,2094,804,2046
1481,2093,866,2045
1461,2093,825,2045
1496,2093,898,2045
1482,2093,868,2045
1537,2093,983,2045
1538,2093,985,2045
1553,2093,1017,2045
1542,2093,995,2045
1569,2093,1051,2045
1599,2093,1112,2045
1655,2093,1229,2045
1649,2092,1217,2044
1654,2092,1226,2044
1682,2092,1286,2044
1677,2092,1276,2044
1680,2092,1280,2044
1719,2092,1363,2044
1756,2092,1440,2044
1759,2092,1447,2044
1758,2092,1444,2044
1805,2092,1542,2044
1829,2092,1591,2044
1813,2092,1559,2044
1879,2091,1696,2043
1871,2091,1679,2043
1871,2091,1679,2043
1902,2091,1743,2043
1904,2091,1748,2043
1922,2091,1785,2043
1925,2091,1792,2043
1944,2091,1832,2043
1970,2091,1886,2043
1988,2091,1923,2043
2005,2091,1959,2043
2033,2090,2016,2042
2024,2090,1998,2042
2070,2090,2093,2042
2072,2090,2098,2042
2091,2090,2137,2042
2099,2090,2154,2042
2147,2090,2255,2042
2138,2090,2236,2042
2149,2090,2258,2042
2200,2090,2364,2042
2218,2090,2403,2042
2204,2090,2374,2042
2229,2089,2424,2041
2200,2089,2365,2041
2228,2089,2422,2041
2292,2089,2556,2041
2290,2089,2553,2041
2321,2089,2616,2041
2332,2089,2641,2041
2316,2089,2607,2041
2348,2089,2673,2041
2396,2089,2774,2041
2415,2089,2812,2041
2411,2089,2805,2041
2423,2088,2828,2040
2450,2088,2885,2040
2481,2088,2951,2040
2486,2088,2961,2040
2486,2088,2960,2040
2524,2088,3039,2040
2507,2088,3004,2040
2540,2088,3073,2040
2578,2088,3152,2040
2574,2088,3143,2040
2609,2088,3218,2040
2608,2088,3215,2040
2622,2088,3244,2040
2694,2087,3393,2039
2677,2087,3358,2039
2666,2087,3335,2039
2719,2087,3446,2039
2711,2087,3429,2039
2721,2087,3451,2039
2734,2087,3478,2039
2746,2087,3503,2039
2733,2087,3474,2039
2706,2087,3420,2039
2707,2087,3421,2039
2710,2087,3427,2039
2704,2087,3415,2039
2727,2086,3463,2038
2687,2086,3380,2038
2705,2086,3417,2038
2725,2086,3459,2038
2701,2086,3408,2038
2709,2086,3426,2038
2711,2086,3429,2038
2685,2086,3376,2038
2700,2086,3407,2038
2675,2086,3355,2038
2679,2086,3363,2038
2703,2086,3412,2038
2651,2086,3304,2038
2703,2085,3412,2037
2672,2085,3348,2037
2665,2085,3334,2037
2654,2085,3311,2037
2698,2085,3402,2037
2665,2085,3333,2037
2675,2085,3354,2037
2673,2085,3350,2037
2701,2085,3409,2037
2640,2085,3282,2037
2642,2085,3285,2037
2657,2085,3316,2037
2645,2085,3292,2037
2664,2084,3332,2036
2639,2084,3278,2036
2643,2084,3287,2036
2648,2084,3299,2036
2637,2084,3275,2036
2672,2084,3347,2036
2608,2084,3215,2036
2629,2084,3258,2036
2624,2084,3248,2036
2616,2084,3231,2036
2613,2084,3225,2036
2649,2084,3299,2036
2629,2084,3259,2036
2589,2084,3175,2036
2663,2083,3330,2035
2634,2083,3268,2035
2587,2083,3171,2035
2630,2083,3260,2035
2617,2083,3234,2035
2598,2083,3194,2035
2620,2083,3241,2035
2623,2083,3245,2035
2621,2083,3243,2035
2611,2083,3220,2035
2618,2083,3236,2035
2619,2083,3237,2035
2635,2083,3272,2035
2601,2083,3201,2035
2629,2083,3257,2035
2624,2082,3249,2034
2598,2082,3193,2034
2615,2082,3230,2034
2624,2082,3247,2034
2616,2082,3231,2034
2599,2082,3196,2034
2612,2082,3223,2034
2623,2082,3245,2034
2596,2082,3189,2034
2637,2082,3275,2034
2597,2082,3191,2034
2612,2082,3224,2034
2603,2082,3204,2034
2603,2082,3203,2034
2624,2081,3248,2033
2574,2081,3145,2033
2622,2081,3244,2033
2613,2081,3224,2033
2622,2081,3244,2033
2614,2081,3227,2033
2595,2081,3187,2033
2588,2081,3174,2033
2625,2081,3249,2033
2613,2081,3226,2033
2610,2081,3218,2033
2601,2081,3200,2033
2598,2081,3194,2033
2636,2081,3273,2033
2611,2081,3222,2033
2639,2080,3279,2032
2628,2080,3257,2032
2634,2080,3268,2032
2630,2080,3260,2032
2647,2080,3297,2032
2628,2080,3257,2032
2644,2080,3290,2032
2635,2080,3270,2032
2633,2080,3266,2032
2628,2080,3257,2032
2630,2080,3261,2032
2620,2080,3239,2032
2630,2080,3260,2032
2648,2080,3299,2032
2616,2080,3230,2032
2630,2080,3260,2032
2629,2079,3257,2031
2628,2079,3256,2031
2615,2079,3230,2031
2640,2079,3280,2031
2629,2079,3259,2031
2628,2079,3256,2031
2602,2079,3202,2031
2560,2079,3115,2031
2534,2079,3060,2031
2550,2079,3094,2031
2556,2079,3105,2031
2533,2079,3058,2031
2497,2079,2983,2031
2492,2079,2973,2031
2461,2079,2908,2031
2435,2079,2855,2031
2422,2078,2827,2030
2389,2078,2759,2030
2405,2078,2792,2030
2362,2078,2703,2030
2362,2078,2702,2030
2380,2078,2740,2030
2289,2078,2550,2030
2302,2078,2576,2030
2282,2078,2535,2030
2324,2078,2622,2030
2306,2078,2585,2030
2222,2078,2410,2030
2250,2078,2470,2030
2218,2078,2403,2030
2196,2078,2357,2030
2190,2078,2343,2030
2192,2078,2347,2030
2139,2077,2237,2029
2136,2077,2232,2029
2117,2077,2193,2029
2092,2077,2139,2029
2058,2077,2070,2029
2060,2077,2073,2029
2032,2077,2015,2029
2020,2077,1989,2029
2039,2077,2029,2029
1993,2077,1933,2029
1986,2077,1918,2029
1952,2077,1848,2029
1965,2077,1874,2029
1934,2077,1810,2029
1901,2077,1743,2029
1880,2077,1698,2029
1896,2077,1730,2029
1871,2076,1680,2028
1853,2076,1642,2028
1804,2076,1540,2028
1791,2076,1514,2028
1807,2076,1547,2028
1789,2076,1509,2028
1757,2076,1442,2028
1731,2076,1387,2028
1697,2076,1316,2028
1687,2076,1296,2028
1669,2076,1259,2028
1710,2076,1343,2028
1684,2076,1290,2028
1626,2076,1169,2028
1613,2076,1141,2028
1617,2076,1150,2028
1606,2076,1126,2028
1588,2076,1090,2028
1531,2075,971,2027
1577,2075,1067,2027
1504,2075,915,2027
1508,2075,922,2027
1492,2075,890,2027
1492,2075,890,2027
1470,2075,845,2027
1441,2075,783,2027
1420,2075,740,2027
1414,2075,727,2027
1372,2075,640,2027
1368,2075,631,2027
1354,2075,603,2027
1361,2075,618,2027
1388,2075,672,2027
1370,2075,636,2027
1393,2075,684,2027
1378,2075,652,2027
1396,2075,691,2027
1368,2074,631,2026
1388,2074,673,2026
1390,2074,677,2026
1377,2074,650,2026
1410,2074,719,2026
1417,2074,734,2026
1399,2074,695,2026
1384,2074,665,2026
1394,2074,685,2026
1399,2074,696,2026
1412,2074,722,2026
1411,2074,722,2026
1431,2074,762,2026
1419,2074,737,2026
1444,2074,789,2026
1436,2074,774,2026
1433,2074,766,2026
1449,2074,800,2026
1456,2074,814,2026
1417,2073,733,2025
1444,2073,790,2025
1419,2073,737,2025
1463,2073,829,2025
1412,2073,722,2025
1451,2073,803,2025
1467,2073,838,2025
1448,2073,798,2025
1433,2073,766,2025
1457,2073,817,2025
1457,2073,818,2025
1470,2073,844,2025
1431,2073,764,2025
1483,2073,871,2025
1465,2073,834,2025
1437,2073,776,2025
1473,2073,849,2025
1454,2073,810,2025
1440,2073,782,2025
1471,2073,845,2025
1488,2072,882,2024
1479,2072,863,2024
1453,2072,809,2024
1478,2072,860,2024
1481,2072,868,2024
1459,2072,821,2024
1520,2072,948,2024
1472,2072,847,2024
1456,2072,815,2024
1478,2072,861,2024
1489,2072,882,2024
1462,2072,828,2024
1466,2072,835,2024
1483,2072,871,2024
1512,2072,931,2024
1489,2072,884,2024
1467,2072,837,2024
1472,2072,847,2024
1485,2072,875,2024
1509,2072,926,2024
1486,2072,877,2024
1484,2071,874,2023
1489,2071,884,2023
1495,2071,897,2023
1487,2071,879,2023
1508,2071,923,2023
1518,2071,945,2023
1499,2071,903,2023
1496,2071,897,2023
1472,2071,849,2023
1482,2071,868,2023
1477,2071,858,2023
1491,2071,888,2023
1472,2071,848,2023
1493,2071,892,2023
1462,2071,827,2023
1504,2071,915,2023
1490,2071,886,2023
1501,2071,909,2023
1481,2071,866,2023
1496,2071,898,2023
1485,2071,875,2023
1509,2070,924,2022
1491,2070,888,2022
1482,2070,869,2022
1456,2070,815,2022
1485,2070,875,2022
1462,2070,827,2022
1479,2070,863,2022
1496,2070,898,2022
1442,2070,785,2022
1463,2070,829,2022
1499,2070,904,2022
1481,2070,868,2022
1457,2070,816,2022
1458,2070,818,2022
1454,2070,811,2022
1482,2070,870,2022
1475,2070,855,2022
1494,2070,894,2022
1464,2070,832,2022
1448,2070,797,2022
1438,2070,778,2022
1450,2070,801,2022
1485,2070,876,2022
1450,2069,803,2021
1462,2069,828,2021
1481,2069,867,2021
1496,2069,897,2021
1533,2069,976,2021
1538,2069,985,2021
1549,2069,1008,2021
1554,2069,1019,2021
1594,2069,1102,2021
1598,2069,1111,2021
1618,2069,1153,2021
1627,2069,1170,2021
1651,2069,1220,2021
1677,2069,1276,2021
1668,2069,1257,2021
1734,2069,1394,2021
1739,2069,1405,2021
1744,2069,1414,2021
1749,2069,1425,2021
1809,2069,1551,2021
1790,2069,1509,2021
1813,2069,1557,2021
1834,2069,1601,2021
1837,2069,1609,2021
1846,2068,1628,2020
1908,2068,1755,2020
1873,2068,1683,2020
1909,2068,1758,2020
1914,2068,1770,2020
1938,2068,1818,2020
1982,2068,1911,2020
1970,2068,1886,2020
1975,2068,1896,2020
1992,2068,1931,2020
2042,2068,2035,2020
2066,2068,2085,2020
2045,2068,2042,2020
2089,2068,2134,2020
2054,2068,2061,2020
2113,2068,2184,2020
2119,2068,2195,2020
2157,2068,2274,2020
2144,2068,2249,2020
2196,2068,2357,2020
2194,2068,2352,2020
2202,2068,2370,2020
2230,2068,2427,2020
2217,2068,2400,2020
2258,2068,2485,2020
2259,2067,2488,2019
2319,2067,2614,2019
2311,2067,2596,2019
2343,2067,2663,2019
2344,2067,2665,2019
2366,2067,2710,2019
2386,2067,2751,2019
2440,2067,2864,2019
2419,2067,2821,2019
2413,2067,2809,2019
2428,2067,2840,2019
2439,2067,2862,2019
2479,2067,2945,2019
2490,2067,2970,2019
2526,2067,3043,2019
2554,2067,3102,2019
2531,2067,3054,2019
2589,2067,3176,2019
2585,2067,3167,2019
2608,2067,3214,2019
2612,2067,3223,2019
2643,2067,3287,2019
2678,2067,3361,2019
2676,2067,3355,2019
2709,2067,3425,2019
2713,2067,3434,2019
2734,2066,3478,2018
2706,2066,3418,2018
2737,2066,3483,2018
2733,2066,3475,2018
2695,2066,3397,2018
2746,2066,3502,2018
2725,2066,3458,2018
2682,2066,3370,2018
2714,2066,3435,2018
2709,2066,3424,2018
2684,2066,3373,2018
2676,2066,3357,2018
2689,2066,3384,2018
2703,2066,3412,2018
2690,2066,3385,2018
2684,2066,3373,2018
2704,2066,3414,2018
2702,2066,3410,2018
2694,2066,3394,2018
2635,2066,3270,2018
2680,2066,3365,2018
2682,2066,3368,2018
2686,2066,3376,2018
2703,2066,3413,2018
2666,2066,3336,2018
2665,2066,3333,2018
2690,2066,3385,2018
2673,2066,3349,2018
2664,2065,3332,2017
2647,2065,3296,2017
2649,2065,3300,2017
2631,2065,3262,2017
2619,2065,3238,2017
2628,2065,3256,2017
2679,2065,3362,2017
2640,2065,3282,2017
2631,2065,3263,2017
2680,2065,3366,2017
2623,2065,3245,2017
2623,2065,3245,2017
2630,2065,3261,2017
2648,2065,3299,2017
2612,2065,3223,2017
2647,2065,3295,2017
2651,2065,3305,2017
2636,2065,3273,2017
2648,2065,3298,2017
2620,2065,3241,2017
2632,2065,3264,2017
2642,2065,3285,2017
2623,2065,3246,2017
2638,2065,3278,2017
2635,2065,3271,2017
2660,2065,3322,2017
2624,2065,3248,2017
2620,2065,3241,2017
2619,2065,3237,2017
2617,2064,3233,2016
2585,2064,3168,2016
2619,2064,3238,2016
2612,2064,3224,2016
2601,2064,3200,2016
2598,2064,3193,2016
2612,2064,3224,2016
2594,2064,3185,2016
2629,2064,3259,2016
2608,2064,3214,2016
2605,2064,3208,2016
2575,2064,3146,2016
2609,2064,3216,2016
2576,2064,3148,2016
2600,2064,3198,2016
2602,2064,3201,2016
2638,2064,3278,2016
2607,2064,3213,2016
2576,2064,3147,2016
2587,2064,3170,2016
2625,2064,3250,2016
2641,2064,3284,2016
2620,2064,3239,2016
2602,2064,3203,2016
2604,2064,3207,2016
2631,2064,3263,2016
2608,2064,3214,2016
2624,2064,3248,2016
2620,2064,3240,2016
2607,2064,3213,2016
2597,2064,3191,2016
2602,2064,3202,2016
2641,2063,3284,2015
2613,2063,3225,2015
2653,2063,3308,2015
2609,2063,3216,2015
2598,2063,3194,2015
2615,2063,3229,2015
2612,2063,3222,2015
2626,2063,3253,2015
2584,2063,3164,2015
2633,2063,3266,2015
2615,2063,3230,2015
2620,2063,3240,2015
2624,2063,3248,2015
2623,2063,3247,2015
2626,2063,3252,2015
2619,2063,3237,2015
2627,2063,3253,2015
2622,2063,3243,2015
2631,2063,3263,2015
2639,2063,3279,2015
2618,2063,3235,2015
2635,2063,3270,2015
2638,2063,3276,2015
2620,2063,3239,2015
2633,2063,3266,2015
2599,2063,3197,2015
2593,2063,3183,2015
2599,2063,3196,2015
2556,2063,3107,2015
2548,2063,3089,2015
2509,2063,3009,2015
2506,2063,3002,2015
2506,2063,3003,2015
2473,2062,2934,2014
2445,2062,2875,2014
2424,2062,2832,2014
2484,2062,2957,2014
2395,2062,2771,2014
2395,2062,2770,2014
2356,2062,2689,2014
2364,2062,2706,2014
2320,2062,2614,2014
2340,2062,2657,2014
2297,2062,2567,2014
2308,2062,2589,2014
2272,2062,2514,2014
2251,2062,2471,2014
2223,2062,2412,2014
2228,2062,2423,2014
2199,2062,2362,2014
2202,2062,2369,2014
2178,2062,2319,2014
2145,2062,2251,2014
2139,2062,2237,2014
2127,2062,2213,2014
2116,2062,2189,2014
2066,2062,2086,2014
2089,2062,2134,2014
2054,2062,2060,2014
2029,2062,2008,2014
2041,2062,2034,2014
2001,2062,1951,2014
2010,2062,1969,2014
1986,2062,1919,2014
1960,2062,1864,2014
1916,2062,1773,2014
1918,2062,1778,2014
1921,2062,1783,2014
1913,2062,1767,2014
1884,2061,1707,2013
1855,2061,1646,2013
1841,2061,1616,2013
1848,2061,1632,2013
1799,2061,1530,2013
1760,2061,1448,2013
1772,2061,1473,2013
1781,2061,1492,2013
1728,2061,1381,2013
1705,2061,1334,2013
1674,2061,1269,2013
1688,2061,1297,2013
1678,2061,1278,2013
1673,2061,1267,2013
1612,2061,1139,2013
1644,2061,1207,2013
1597,2061,1109,2013
1595,2061,1104,2013
1565,2061,1042,2013
1563,2061,1038,2013
1531,2061,970,2013
1547,2061,1004,2013
1528,2061,964,2013
1466,2061,835,2013
1452,2061,806,2013
1468,2061,839,2013
1430,2061,761,2013
1431,2061,763,2013
1381,2061,659,2013
1372,2061,639,2013
1350,2061,595,2013
1353,2061,599,2013
1362,2061,618,2013
1371,2061,638,2013
1427,2061,754,2013
1378,2061,652,2013
1390,2061,678,2013
1363,2061,620,2013
1376,2060,648,2012
1402,2060,703,2012
1393,2060,683,2012
1427,2060,753,2012
1364,2060,624,2012
1380,2060,656,2012
1379,2060,654,2012
1386,2060,669,2012
1427,2060,754,2012
1392,2060,681,2012
1440,2060,781,2012
1427,2060,755,2012
1398,2060,695,2012
1456,2060,814,2012
1430,2060,760,2012
1410,2060,718,2012
1402,2060,703,2012
1439,2060,779,2012
1405,2060,708,2012
1443,2060,788,2012
1421,2060,742,2012
1414,2060,728,2012
1467,2060,839,2012
1442,2060,785,2012
1447,2060,796,2012
1429,2060,759,2012
1446,2060,793,2012
1425,2060,750,2012
1452,2060,807,2012
1415,2060,729,2012
1429,2060,758,2012
1465,2060,834,2012
1425,2060,750,2012
1461,2060,824,2012
1448,2060,797,2012
1446,2060,793,2012
1470,2060,843,2012
1459,2060,820,2012
1465,2060,833,2012
1439,2060,780,2012
1445,2060,792,2012
1448,2060,799,2012
1445,2059,791,2011
1475,2059,854,2011
1486,2059,876,2011
1487,2059,878,2011
1515,2059,938,2011
1434,2059,770,2011
1449,2059,801,2011
1476,2059,857,2011
1508,2059,923,2011
1488,2059,881,2011
1483,2059,872,2011
1460,2059,823,2011
1479,2059,863,2011
1497,2059,901,2011
1479,2059,862,2011
1465,2059,833,2011
1489,2059,883,2011
1490,2059,886,2011
1497,2059,900,2011
1472,2059,848,2011
1474,2059,852,2011
1481,2059,866,2011
1479,2059,862,2011
1476,2059,856,2011
1482,2059,869,2011
1485,2059,875,2011
1488,2059,881,2011
1486,2059,877,2011
1478,2059,861,2011
1507,2059,921,2011
1489,2059,884,2011
1513,2059,934,2011
1512,2059,932,2011
1497,2059,901,2011
1494,2059,893,2011
1507,2059,922,2011
1457,2059,818,2011
1485,2059,874,2011
1495,2059,897,2011
1437,2059,776,2011
1498,2059,903,2011
1450,2059,803,2011
1497,2059,901,2011
1483,2059,872,2011
1453,2059,808,2011
1463,2058,830,2010
1497,2058,900,2010
1459,2058,821,2010
1498,2058,901,2010
1457,2058,817,2010
1483,2058,871,2010
1466,2058,836,2010
1488,2058,882,2010
1483,2058,871,2010
1479,2058,862,2010
1466,2058,835,2010
1481,2058,866,2010
1457,2058,817,2010
1430,2058,760,2010
1442,2058,785,2010
1461,2058,824,2010
1442,2058,786,2010
1442,2058,786,2010
1479,2058,863,2010
1467,2058,838,2010
1496,2058,898,2010
1522,2058,952,2010
1556,2058,1022,2010
1572,2058,1056,2010
1563,2058,1038,2010
1571,2058,1055,2010
1583,2058,1079,2010
1614,2058,1143,2010
1615,2058,1145,2010
1638,2058,1194,2010
1666,2058,1253,2010
1666,2058,1253,2010
1687,2058,1296,2010
1721,2058,1368,2010
1757,2058,1443,2010
1747,2058,1421,2010
1784,2058,1497,2010
1817,2058,1567,2010
1786,2058,1501,2010
1845,2058,1625,2010
1813,2058,1559,2010
1874,2058,1686,2010
1870,2058,1678,2010
1902,2058,1743,2010
1940,2058,1823,2010
1912,2058,1765,2010
1955,2058,1853,2010
1960,2058,1865,2010
2029,2058,2008,2010
1996,2058,1941,2010
2014,2057,1977,2009
2011,2057,1970,2009
2058,2057,2068,2009
2040,2057,2032,2009
2093,2057,2142,2009
2144,2057,2247,2009
2092,2057,2140,2009
2145,2057,2251,2009
2140,2057,2239,2009
2160,2057,2282,2009
2189,2057,2341,2009
2196,2057,2356,2009
2184,2057,2332,2009
2232,2057,2432,2009
2259,2057,2488,2009
2274,2057,2518,2009
2272,2057,2514,2009
2294,2057,2561,2009
2309,2057,2592,2009
2318,2057,2611,2009
2331,2057,2638,2009
2377,2057,2734,2009
2394,2057,2769,2009
2412,2057,2806,2009
2443,2057,2871,2009
2443,2057,2871,2009
2437,2057,2858,2009
2471,2057,2929,2009
2505,2057,3000,2009
2523,2057,3037,2009
2536,2057,3065,2009
2522,2057,3036,2009
2555,2057,3104,2009
2542,2057,3077,2009
2572,2057,3140,2009
2615,2057,3230,2009
2635,2057,3272,2009
2625,2057,3249,2009
2654,2057,3310,2009
2659,2057,3320,2009
2658,2057,3319,2009
2722,2057,3453,2009
2737,2057,3483,2009
2733,2057,3475,2009
2711,2057,3429,2009
2723,2057,3454,2009
2717,2057,3442,2009
2713,2057,3433,2009
2689,2057,3383,2009
2698,2057,3403,2009
2718,2057,3443,2009
2700,2057,3407,2009
2697,2057,3400,2009
2718,2057,3443,2009
2694,2057,3394,2009
2720,2057,3447,2009
2699,2056,3404,2008
2689,2056,3384,2008
2693,2056,3391,2008
2660,2056,3324,2008
2684,2056,3373,2008
2698,2056,3402,2008
2679,2056,3362,2008
2659,2056,3321,2008
2689,2056,3384,2008
2678,2056,3361,2008
2684,2056,3372,2008
2669,2056,3341,2008
2645,2056,3293,2008
2683,2056,3371,2008
2681,2056,3367,2008
2670,2056,3343,2008
2678,2056,3360,2008
2692,2056,3390,2008
2651,2056,3304,2008
2653,2056,3308,2008
2620,2056,3240,2008
2647,2056,3296,2008
2636,2056,3274,2008
2662,2056,3327,2008
2634,2056,3269,2008
2612,2056,3224,2008
2655,2056,3312,2008
2668,2056,3340,2008
2611,2056,3222,2008
2633,2056,3267,2008
2630,2056,3260,2008
2651,2056,3304,2008
2623,2056,3246,2008
2616,2056,3232,2008
2636,2056,3274,2008
2615,2056,3230,2008
2637,2056,3275,2008
2632,2056,3265,2008
2613,2056,3225,2008
2608,2056,3216,2008
2628,2056,3257,2008
2633,2056,3266,2008
2653,2056,3308,2008
2599,2056,3196,2008
2619,2056,3237,2008
2599,2056,3196,2008
2612,2056,3223,2008
2612,2056,3223,2008
2605,2056,3208,2008
2628,2056,3256,2008
2631,2056,3263,2008
2625,2056,3250,2008
2604,2056,3206,2008
2598,2056,3193,2008
2627,2056,3255,2008
2608,2056,3215,2008
2619,2056,3238,2008
2579,2056,3154,2008
2613,2056,3224,2008
2618,2056,3236,2008
2599,2056,3197,2008
2601,2056,3201,2008
2607,2056,3213,2008
2631,2055,3262,2007
2593,2055,3184,2007
2583,2055,3163,2007
2636,2055,3273,2007
2633,2055,3267,2007
2614,2055,3228,2007
2637,2055,3276,2007
2592,2055,3180,2007
2601,2055,3200,2007
2568,2055,3132,2007
2617,2055,3234,2007
2638,2055,3276,2007
2619,2055,3237,2007
2597,2055,3192,2007
2620,2055,3240,2007
2624,2055,3247,2007
2611,2055,3221,2007
2625,2055,3251,2007
2639,2055,3279,2007
2615,2055,3230,2007
2614,2055,3228,2007
2625,2055,3249,2007
2664,2055,3332,2007
2638,2055,3277,2007
2644,2055,3290,2007
2637,2055,3275,2007
2653,2055,3309,2007
2646,2055,3295,2007
2618,2055,3236,2007
2613,2055,3225,2007
2621,2055,3241,2007
2618,2055,3236,2007
2619,2055,3238,2007
2673,2055,3350,2007
2687,2055,3380,2007
2634,2055,3268,2007
2607,2055,3213,2007
2635,2055,3270,2007
2600,2055,3198,2007
2566,2055,3127,2007
2564,2055,3124,2007
2522,2055,3036,2007
2560,2055,3115,2007
2502,2055,2994,2007
2506,2055,3003,2007
2497,2055,2984,2007
2469,2055,2926,2007
2424,2055,2832,2007
2435,2055,2855,2007
2407,2055,2795,2007
2419,2055,2820,2007
2393,2055,2766,2007
2406,2055,2794,2007
2333,2055,2641,2007
2326,2055,2627,2007
2314,2055,2603,2007
2281,2055,2534,2007
2282,2055,2535,2007
2264,2055,2499,2007
2238,2055,2444,2007
2220,2055,2407,2007
2223,2055,2412,2007
2178,2055,2318,2007
2218,2055,2402,2007
2180,2055,2323,2007
2131,2055,2221,2007
2151,2055,2263,2007
2123,2055,2204,2007
2080,2055,2114,2007
2095,2055,2146,2007
2085,2055,2126,2007
2065,2054,2083,2006
2048,2054,2048,2006
2024,2054,1998,2006
1967,2054,1880,2006
2007,2054,1962,2006
1951,2054,1846,2006
1961,2054,1867,2006
1926,2054,1794,2006
1933,2054,1808,2006
1879,2054,1696,2006
1895,2054,1729,2006
1867,2054,1671,2006
1832,2054,1598,2006
1844,2054,1624,2006
1824,2054,1581,2006
1799,2054,1530,2006
1788,2054,1507,2006
1749,2054,1426,2006
1740,2054,1407,2006
1702,2054,1327,2006
1709,2054,1341,2006
1706,2054,1335,2006
1678,2054,1277,2006
1643,2054,1203,2006
1659,2054,1239,2006
1632,2054,1181,2006
1567,2054,1047,2006
1606,2054,1127,2006
1611,2054,1138,2006
1557,2054,1024,2006
1534,2054,977,2006
1514,2054,936,2006
1536,2054,981,2006
1465,2054,833,2006
1457,2054,817,2006
1440,2054,782,2006
1459,2054,821,2006
1417,2054,733,2006
1428,2054,756,2006
1361,2054,617,2006
1387,2054,671,2006
1369,2054,633,2006
1367,2054,630,2006
1363,2054,622,2006
1373,2054,642,2006
1369,2054,633,2006
1377,2054,651,2006
1391,2054,680,2006
1390,2054,676,2006
1394,2054,686,2006
1410,2054,720,2006
1350,2054,594,2006
1381,2054,659,2006
1409,2054,716,2006
1398,2054,693,2006
1414,2054,726,2006
1430,2054,761,2006
1425,2054,751,2006
1434,2054,768,2006
1377,2054,651,2006
1426,2054,751,2006
1424,2054,748,2006
1402,2054,701,2006
1402,2054,703,2006
1415,2054,729,2006
1431,2054,762,2006
1434,2054,769,2006
1432,2054,764,2006
1417,2054,733,2006
1414,2054,727,2006
1473,2054,851,2006
1427,2054,755,2006
1458,2054,819,2006
1440,2054,781,2006
1450,2054,801,2006
1449,2054,801,2006
1438,2054,778,2006
1451,2054,803,2006
1453,2054,809,2006
1460,2054,822,2006
1449,2054,800,2006
1463,2054,830,2006
1475,2054,854,2006
1441,2054,784,2006
1461,2053,824,2005
1453,2053,808,2005
1473,2053,850,2005
1483,2053,871,2005
1465,2053,833,2005
1478,2053,860,2005
1455,2053,813,2005
1459,2053,821,2005
1470,2053,844,2005
1482,2053,869,2005
1480,2053,864,2005
1454,2053,810,2005
1466,2053,835,2005
1491,2053,887,2005
1474,2053,853,2005
1478,2053,861,2005
1451,2053,805,2005
1516,2053,939,2005
1491,2053,887,2005
1483,2053,871,2005
1478,2053,861,2005
1474,2053,853,2005
1465,2053,834,2005
1511,2053,930,2005
1491,2053,888,2005
1476,2053,855,2005
1450,2053,802,2005
1474,2053,853,2005
1490,2053,886,2005
1488,2053,882,2005
1487,2053,878,2005
1509,2053,926,2005
1509,2053,925,2005
1508,2053,923,2005
1488,2053,881,2005
1484,2053,872,2005
1460,2053,822,2005
1514,2053,936,2005
1451,2053,804,2005
1487,2053,879,2005
1497,2053,900,2005
1457,2053,817,2005
1491,2053,887,2005
1506,2053,919,2005
1472,2053,849,2005
1471,2053,845,2005
1514,2053,936,2005
1460,2053,824,2005
1458,2053,819,2005
1480,2053,865,2005
1462,2053,828,2005
1478,2053,860,2005
1482,2053,868,2005
1481,2053,867,2005
1467,2053,838,2005
1488,2053,882,2005
1485,2053,874,2005
1459,2053,821,2005
1500,2053,906,2005
1449,2053,800,2005
1460,2053,824,2005
1488,2053,881,2005
1441,2053,784,2005
1459,2053,821,2005
1459,2053,822,2005
1450,2053,802,2005
1451,2053,804,2005
1462,2053,826,2005
1446,2053,795,2005
1461,2053,824,2005
1507,2053,920,2005
1485,2053,874,2005
1536,2053,981,2005
1529,2053,967,2005
1558,2053,1028,2005
1585,2053,1083,2005
1575,2053,1063,2005
1601,2053,1116,2005
1613,2053,1141,2005
1631,2053,1180,2005
1668,2053,1257,2005
1685,2053,1293,2005
1673,2053,1267,2005
1707,2053,1337,2005
1736,2053,1397,2005
1758,2053,1444,2005
1764,2053,1456,2005
1754,2053,1436,2005
1812,2053,1556,2005
1792,2053,1515,2005
1814,2053,1561,2005
1844,2053,1623,2005
1876,2053,1689,2005
1888,2053,1715,2005
1903,2053,1745,2005
1886,2053,1710,2005
1924,2053,1791,2005
1924,2053,1789,2005
1969,2053,1883,2005
1992,2053,1931,2005
2004,2052,1957,2004
1962,2052,1869,2004
2034,2052,2018,2004
2038,2052,2028,2004
2046,2052,2044,2004
2079,2052,2113,2004
2123,2052,2205,2004
2101,2052,2159,2004
2142,2052,2245,2004
2142,2052,2243,2004
2148,2052,2256,2004
2180,2052,2322,2004
2203,2052,2370,2004
2209,2052,2383,2004
2202,2052,2369,2004
2218,2052,2403,2004
2267,2052,2504,2004
2284,2052,2540,2004
2310,2052,2593,2004
2307,2052,2588,2004
2350,2052,2677,2004
2360,2052,2698,2004
2359,2052,2696,2004
2373,2052,2726,2004
2390,2052,2761,2004
2381,2052,2742,2004
2392,2052,2765,2004
2428,2052,2839,2004
2458,2052,2901,2004
2497,2052,2983,2004
2474,2052,2936,2004
2525,2052,3041,2004
2545,2052,3084,2004
2546,2052,3085,2004
2558,2052,3111,2004
2593,2052,3183,2004
2615,2052,3230,2004
2611,2052,3221,2004
2640,2052,3280,2004
2667,2052,3338,2004
2629,2052,3259,2004
2668,2052,3340,2004
2719,2052,3446,2004
2732,2052,3473,2004
2744,2052,3497,2004
2712,2052,3432,2004
2730,2052,3468,2004
2712,2052,3431,2004
2709,2052,3425,2004
2738,2052,3485,2004
2712,2052,3432,2004
2709,2052,3425,2004
2733,2052,3475,2004
2698,2052,3403,2004
2705,2052,3416,2004
2722,2052,3452,2004
2679,2052,3363,2004
2703,2052,3412,2004
2708,2052,3423,2004
2699,2052,3405,2004
2702,2052,3411,2004
2651,2052,3305,2004
2696,2052,3398,2004
2661,2052,3325,2004
2679,2052,3362,2004
2688,2052,3382,2004
2667,2052,3338,2004
2675,2052,3355,2004
2684,2052,3373,2004
2701,2052,3408,2004
2665,2052,3333,2004
2652,2052,3306,2004
2656,2052,3314,2004
2685,2052,3375,2004
2647,2052,3296,2004
2661,2052,3325,2004
2636,2052,3274,2004
2674,2052,3352,2004
2617,2052,3234,2004
2655,2052,3313,2004
2649,2052,3300,2004
2648,2052,3298,2004
2652,2052,3307,2004
2676,2052,3357,2004
2669,2052,3342,2004
2650,2052,3302,2004
2642,2052,3285,2004
2612,2052,3223,2004
2630,2052,3261,2004
2626,2052,3251,2004
2615,2052,3229,2004
2613,2052,3225,2004
2608,2052,3214,2004
2636,2052,3272,2004
2622,2052,3243,2004
2622,2052,3244,2004
2616,2052,3232,2004
2622,2052,3244,2004
2603,2052,3204,2004
2601,2052,3199,2004
2633,2052,3267,2004
2595,2052,3187,2004
2636,2052,3273,2004
2604,2052,3207,2004
2629,2052,3259,2004
2579,2052,3154,2004
2606,2052,3211,2004
2621,2052,3243,2004
2625,2052,3251,2004
2584,2052,3164,2004
2618,2052,3235,2004
2622,2052,3243,2004
2625,2052,3251,2004
2621,2052,3242,2004
2607,2052,3213,2004
2613,2052,3226,2004
2621,2052,3242,2004
2595,2052,3188,2004
2618,2052,3235,2004
2600,2052,3198,2004
2593,2052,3183,2004
2581,2052,3159,2004
2621,2052,3242,2004
2660,2052,3322,2004
2619,2052,3239,2004
2601,2052,3201,2004
2602,2051,3202,2003
2622,2051,3244,2003
2599,2051,3195,2003
2605,2051,3209,2003
2611,2051,3220,2003
2617,2051,3233,2003
2630,2051,3261,2003
2609,2051,3217,2003
2617,2051,3234,2003
2630,2051,3261,2003
2597,2051,3193,2003
2608,2051,3215,2003
2623,2051,3245,2003
2640,2051,3280,2003
2607,2051,3212,2003
2665,2051,3333,2003
2653,2051,3308,2003
2616,2051,3231,2003
2646,2051,3294,2003
2635,2051,3272,2003
2621,2051,3242,2003
2590,2051,3177,2003
2620,2051,3239,2003
2657,2051,3316,2003
2631,2051,3262,2003
2638,2051,3277,2003
2628,2051,3257,2003
2662,2051,3326,2003
2651,2051,3305,2003
2649,2051,3300,2003
2637,2051,3275,2003
2641,2051,3284,2003
2636,2051,3274,2003
2577,2051,3151,2003
2573,2051,3141,2003
2536,2051,3066,2003
2536,2051,3064,2003
2536,2051,3065,2003
2497,2051,2983,2003
2499,2051,2988,2003
2422,2051,2827,2003
2468,2051,2924,2003
2450,2051,2886,2003
2406,2051,2793,2003
2405,2051,2792,2003
2391,2051,2763,2003
2345,2051,2667,2003
2342,2051,2660,2003
2314,2051,2603,2003
2317,2051,2609,2003
2288,2051,2547,2003
2254,2051,2476,2003
2244,2051,2456,2003
2247,2051,2463,2003
2223,2051,2413,2003
2184,2051,2331,2003
2214,2051,2394,2003
2168,2051,2299,2003
2149,2051,2259,2003
2146,2051,2252,2003
2141,2051,2242,2003
2132,2051,2224,2003
2065,2051,2083,2003
2072,2051,2098,2003
2047,2051,2047,2003
2072,2051,2098,2003
2019,2051,1987,2003
1996,2051,1939,2003
1993,2051,1933,2003
1982,2051,1910,2003
1943,2051,1830,2003
1912,2051,1766,2003
1915,2051,1771,2003
1921,2051,1783,2003
1882,2051,1703,2003
1860,2051,1657,2003
1866,2051,1668,2003
1867,2051,1671,2003
1863,2051,1663,2003
1806,2051,1544,2003
1776,2051,1482,2003
1788,2051,1507,2003
1769,2051,1466,2003
1772,2051,1473,2003
1701,2051,1324,2003
1724,2051,1373,2003
1678,2051,1277,2003
1692,2051,1305,2003
1692,2051,1307,2003
1609,2051,1133,2003
1645,2051,1209,2003
1631,2051,1179,2003
1571,2051,1054,2003
1604,2051,1122,2003
1530,2051,968,2003
1531,2051,972,2003
1514,2051,935,2003
1469,2051,841,2003
1462,2051,828,2003
1489,2051,884,2003
1448,2051,798,2003
1436,2051,773,2003
1408,2051,714,2003
1407,2051,713,2003
1387,2051,671,2003
1359,2051,614,2003
1351,2051,595,2003
1372,2051,640,2003
1388,2051,674,2003
1373,2051,641,2003
1394,2051,686,2003
1396,2051,689,2003
1393,2051,684,2003
1421,2051,742,2003
1378,2051,652,2003
1374,2051,645,2003
1420,2051,740,2003
1399,2051,695,2003
1416,2051,731,2003
1407,2051,713,2003
1409,2051,717,2003
1412,2051,724,2003
1432,2051,765,2003
1411,2051,721,2003
1425,2051,750,2003
1400,2051,699,2003
1434,2051,769,2003
1400,2051,697,2003
1432,2051,764,2003
1445,2051,792,2003
1437,2051,776,2003
1430,2051,760,2003
1476,2051,857,2003
1423,2051,746,2003
1461,2051,826,2003
1433,2051,767,2003
1455,2051,812,2003
1427,2051,754,2003
1410,2051,718,2003
1459,2051,821,2003
1458,2051,819,2003
1417,2051,733,2003
1467,2051,838,2003
1447,2051,795,2003
1460,2051,824,2003
1464,2051,830,2003
1479,2051,862,2003
1467,2051,838,2003
1473,2051,851,2003
1460,2051,822,2003
1473,2051,850,2003
1446,2051,794,2003
1483,2051,872,2003
1487,2051,878,2003
1466,2051,834,2003
1478,2051,860,2003
1475,2051,854,2003
1430,2051,760,2003
1487,2051,879,2003
1498,2051,901,2003
1469,2051,843,2003
1468,2051,841,2003
1468,2051,839,2003
1480,2051,866,2003
1474,2051,853,2003
1515,2051,938,2003
1466,2051,835,2003
1472,2051,848,2003
1452,2050,807,2002
1494,2050,893,2002
1484,2050,873,2002
1494,2050,894,2002
1476,2050,856,2002
1480,2050,865,2002
1501,2050,908,2002
1476,2050,857,2002
1508,2050,923,2002
1506,2050,919,2002
1476,2050,856,2002
1485,2050,875,2002
1491,2050,888,2002
1463,2050,829,2002
1475,2050,855,2002
1463,2050,830,2002
1489,2050,883,2002
1484,2050,873,2002
1472,2050,847,2002
1493,2050,893,2002
1486,2050,877,2002
1481,2050,867,2002
1496,2050,897,2002
1503,2050,913,2002
1462,2050,827,2002
1516,2050,939,2002
1484,2050,874,2002
1521,2050,950,2002
1467,2050,837,2002
1440,2050,781,2002
1461,2050,826,2002
1471,2050,847,2002
1486,2050,877,2002
1489,2050,883,2002
1495,2050,895,2002
1479,2050,863,2002
1493,2050,891,2002
1454,2050,810,2002
1490,2050,886,2002
1489,2050,884,2002
1424,2050,749,2002
1472,2050,849,2002
1472,2050,848,2002
1485,2050,875,2002
1474,2050,851,2002
1466,2050,835,2002
1488,2050,882,2002
1482,2050,869,2002
1471,2050,845,2002
1459,2050,820,2002
1486,2050,878,2002
1513,2050,934,2002
1486,2050,877,2002
1521,2050,951,2002
1551,2050,1012,2002
1562,2050,1035,2002
1581,2050,1076,2002
1576,2050,1065,2002
1588,2050,1091,2002
1623,2050,1163,2002
1651,2050,1220,2002
1662,2050,1244,2002
1679,2050,1279,2002
1679,2050,1279,2002
1708,2050,1339,2002
1721,2050,1368,2002
1756,2050,1439,2002
1764,2050,1457,2002
1778,2050,1485,2002
1797,2050,1525,2002
1800,2050,1532,2002
1810,2050,1552,2002
1837,2050,1609,2002
1854,2050,1645,2002
1881,2050,1700,2002
1877,2050,1692,2002
1880,2050,1697,2002
1919,2050,1780,2002
1924,2050,1789,2002
1949,2050,1841,2002
1993,2050,1934,2002
2015,2050,1979,2002
1993,2050,1932,2002
2022,2050,1994,2002
2052,2050,2056,2002
2041,2050,2033,2002
2104,2050,2165,2002
2103,2050,2163,2002
2103,2050,2163,2002
2108,2050,2174,2002
2104,2050,2164,2002
2141,2050,2242,2002
2176,2050,2314,2002
2204,2050,2373,2002
2193,2050,2351,2002
2192,2050,2348,2002
2257,2050,2484,2002
2258,2050,2486,2002
2268,2050,2506,2002
2296,2050,2566,2002
2308,2050,2589,2002
2317,2050,2607,2002
2358,2050,2693,2002
2382,2050,2745,2002
2392,2050,2764,2002
2405,2050,2792,2002
2422,2050,2827,2002
2401,2050,2783,2002
2453,2050,2891,2002
2452,2050,2890,2002
2505,2050,2999,2002
2477,2050,2942,2002
2508,2050,3006,2002
2524,2050,3040,2002
2507,2050,3003,2002
2584,2050,3165,2002
2590,2050,3178,2002
2614,2050,3226,2002
2625,2050,3251,2002
2629,2050,3259,2002
2653,2050,3307,2002
2642,2050,3285,2002
2660,2050,3322,2002
2691,2050,3387,2002
2731,2050,3471,2002
2735,2050,3479,2002
2738,2050,3485,2002
2729,2050,3466,2002
2730,2050,3469,2002
2697,2050,3401,2002
2731,2050,3471,2002
2723,2050,3455,2002
2749,2050,3508,2002
2690,2050,3385,2002
2684,2050,3373,2002
2704,2050,3414,2002
2715,2050,3437,2002
2711,2050,3429,2002
2690,2050,3385,2002
2692,2050,3389,2002
2673,2050,3350,2002
2690,2050,3385,2002
2687,2050,3378,2002
2674,2050,3352,2002
2683,2050,3370,2002
2660,2050,3323,2002
2646,2050,3294,2002
2672,2050,3347,2002
2697,2050,3400,2002
2673,2050,3349,2002
2659,2050,3321,2002
2680,2050,3365,2002
2637,2050,3276,2002
2658,2050,3319,2002
2658,2050,3319,2002
2657,2050,3318,2002
2636,2050,3273,2002
2646,2050,3295,2002
2650,2050,3301,2002
2645,2050,3291,2002
2665,2050,3333,2002
2656,2050,3315,2002
2663,2050,3330,2002
2630,2050,3261,2002
2627,2050,3255,2002
2623,2050,3246,2002
2652,2050,3306,2002
2615,2050,3229,2002
2642,2050,3285,2002
2643,2050,3287,2002
2618,2050,3236,2002
2653,2050,3308,2002
2622,2050,3245,2002
2618,2050,3235,2002
2617,2050,3233,2002
2654,2050,3310,2002
2626,2050,3253,2002
2635,2050,3270,2002
2600,2050,3197,2002
2611,2050,3220,2002
2640,2050,3282,2002
2610,2050,3219,2002
2626,2050,3253,2002
2601,2050,3200,2002
2631,2050,3262,2002
2604,2050,3207,2002
2637,2050,3275,2002
2618,2050,3235,2002
2665,2050,3333,2002
2585,2050,3167,2002
2583,2050,3163,2002
2594,2050,3186,2002
2589,2050,3175,2002
2628,2050,3255,2002
2616,2050,3232,2002
2618,2050,3236,2002
2603,2050,3204,2002
2588,2050,3174,2002
2605,2050,3209,2002
2597,2050,3192,2002
2644,2050,3290,2002
2630,2050,3261,2002
2596,2050,3190,2002
2594,2050,3185,2002
2588,2050,3173,2002
2613,2050,3225,2002
2632,2050,3265,2002
2603,2050,3204,2002
2619,2050,3237,2002
2627,2050,3255,2002
2623,2050,3245,2002
2580,2050,3157,2002
2619,2050,3237,2002
2602,2050,3201,2002
2630,2050,3260,2002
2614,2050,3226,2002
2614,2050,3227,2002
2611,2050,3221,2002
2597,2050,3192,2002
2601,2050,3199,2002
2609,2050,3216,2002
2624,2050,3248,2002
2633,2050,3266,2002
2616,2050,3230,2002
2618,2050,3237,2002
2647,2050,3295,2002
2633,2050,3266,2002
2619,2050,3237,2002
2636,2050,3273,2002
2651,2050,3304,2002
2629,2050,3259,2002
2631,2050,3262,2002
2645,2050,3292,2002
2623,2050,3247,2002
2627,2050,3254,2002
2625,2050,3251,2002
2689,2050,3383,2002
2623,2050,3246,2002
2616,2050,3230,2002
2584,2050,3165,2002
2596,2050,3190,2002
2564,2050,3122,2002
2561,2050,3117,2002
2544,2050,3082,2002
2502,2050,2993,2002
2509,2050,3008,2002
2476,2050,2940,2002
2453,2050,2892,2002
2486,2050,2961,2002
2435,2050,2854,2002
2413,2050,2808,2002
2379,2050,2737,2002
2402,2050,2786,2002
2367,2050,2713,2002
2381,2050,2741,2002
2302,2049,2578,2001
2274,2049,2518,2001
2325,2049,2626,2001
2275,2049,2521,2001
2260,2049,2489,2001
2231,2049,2429,2001
2227,2049,2421,2001
2209,2049,2384,2001
2209,2049,2383,2001
2194,2049,2352,2001
2187,2049,2337,2001
2156,2049,2273,2001
2122,2049,2202,2001
2099,2049,2155,2001
2085,2049,2125,2001
2089,2049,2133,2001
2054,2049,2061,2001
2059,2049,2072,2001
2010,2049,1969,2001
2007,2049,1962,2001
1982,2049,1911,2001
1967,2049,1878,2001
1927,2049,1796,2001
1928,2049,1797,2001
1943,2049,1829,2001
1896,2049,1732,2001
1915,2049,1770,2001
1881,2049,1700,2001
1891,2049,1720,2001
1836,2049,1606,2001
1818,2049,1568,2001
1835,2049,1605,2001
1807,2049,1547,2001
1776,2049,1482,2001
1750,2049,1426,2001
1741,2049,1409,2001
1743,2049,1412,2001
1739,2049,1404,2001
1696,2049,1315,2001
1658,2049,1236,2001
1656,2049,1232,2001
1650,2049,1218,2001
1625,2049,1167,2001
1603,2049,1120,2001
1613,2049,1142,2001
1577,2049,1067,2001
1556,2049,1023,2001
1538,2049,986,2001
1531,2049,971,2001
1501,2049,909,2001
1490,2049,886,2001
1465,2049,833,2001
1431,2049,763,2001
1452,2049,806,2001
1416,2049,732,2001
1392,2049,682,2001
1371,2049,637,2001
1359,2049,612,2001
1359,2049,613,2001
1377,2049,649,2001
1364,2049,622,2001
1380,2049,656,2001
1360,2049,614,2001
1363,2049,620,2001
1408,2049,714,2001
1399,2049,696,2001
1414,2049,727,2001
1391,2049,680,2001
1367,2049,629,2001
1392,2049,680,2001
1410,2049,718,2001
1401,2049,700,2001
1393,2049,684,2001
1391,2049,680,2001
1415,2049,729,2001
1410,2049,719,2001
1412,2049,723,2001
1415,2049,729,2001
1418,2049,735,2001
1405,2049,708,2001
1414,2049,728,2001
1392,2049,682,2001
1469,2049,842,2001
1445,2049,792,2001
1417,2049,733,2001
1402,2049,703,2001
1433,2049,766,2001
1450,2049,801,2001
1447,2049,796,2001
1413,2049,725,2001
1436,2049,773,2001
1451,2049,804,2001
1430,2049,760,2001
1477,2049,858,2001
1429,2049,759,2001
1456,2049,815,2001
1438,2049,778,2001
1441,2049,784,2001
1447,2049,795,2001
1495,2049,896,2001
1477,2049,859,2001
1466,2049,836,2001
1455,2049,813,2001
1459,2049,820,2001
1488,2049,881,2001
1477,2049,859,2001
1466,2049,835,2001
1484,2049,873,2001
1475,2049,854,2001
1453,2049,809,2001
1464,2049,832,2001
1469,2049,841,2001
1427,2049,754,2001
1463,2049,829,2001
1482,2049,869,2001
1490,2049,886,2001
1471,2049,846,2001
1502,2049,911,2001
1481,2049,867,2001
1430,2049,760,2001
1530,2049,968,2001
1471,2049,846,2001
1478,2049,861,2001
1482,2049,869,2001
1474,2049,851,2001
1465,2049,833,2001
1473,2049,851,2001
1485,2049,876,2001
1459,2049,822,2001
1491,2049,887,2001
1478,2049,861,2001
1516,2049,940,2001
1464,2049,832,2001
1474,2049,853,2001
1466,2049,835,2001
1481,2049,867,2001
1504,2049,915,2001
1495,2049,895,2001
1496,2049,898,2001
1498,2049,903,2001
1500,2049,907,2001
1494,2049,893,2001
1480,2049,866,2001
1474,2049,853,2001
1486,2049,878,2001
1473,2049,849,2001
1461,2049,825,2001
1522,2049,953,2001
1504,2049,915,2001
1479,2049,862,2001
1477,2049,858,2001
1459,2049,822,2001
1471,2049,845,2001
1497,2049,899,2001
1481,2049,867,2001
1475,2049,855,2001
1469,2049,842,2001
1471,2049,846,2001
1488,2049,882,2001
1432,2049,764,2001
1485,2049,876,2001
1490,2049,885,2001
1462,2049,828,2001
1481,2049,866,2001
1475,2049,853,2001
1485,2049,875,2001
1468,2049,839,2001
1452,2049,806,2001
1459,2049,820,2001
1426,2049,752,2001
1509,2049,924,2001
1498,2049,903,2001
1488,2049,882,2001
1540,2049,990,2001
1554,2049,1019,2001
1538,2049,985,2001
1573,2049,1059,2001
1598,2049,1111,2001
1591,2049,1096,2001
1599,2049,1113,2001
1628,2049,1172,2001
1685,2049,1292,2001
1643,2049,1204,2001
1678,2049,1277,2001
1731,2049,1388,2001
1699,2049,1322,2001
1738,2049,1401,2001
1760,2049,1449,2001
1770,2049,1469,2001
1802,2049,1537,2001
1818,2049,1569,2001
1836,2049,1606,2001
1856,2049,1649,2001
1843,2049,1621,2001
1858,2049,1652,2001
1885,2049,1709,2001
1936,2049,1815,2001
1908,2049,1755,2001
1957,2049,1859,2001
1984,2049,1914,2001
1980,2049,1907,2001
2013,2049,1975,2001
2004,2049,1956,2001
2036,2049,2024,2001
2050,2049,2052,2001
2059,2049,2071,2001
2085,2049,2126,2001
2075,2049,2104,2001
2096,2049,2149,2001
2110,2049,2177,2001
2130,2049,2219,2001
2175,2049,2312,2001
2147,2049,2255,2001
2194,2049,2352,2001
2212,2049,2390,2001
2221,2049,2409,2001
2256,2049,2481,2001
2265,2049,2500,2001
2265,2049,2500,2001
2293,2049,2559,2001
2283,2049,2538,2001
2305,2049,2584,2001
2356,2049,2690,2001
2336,2049,2647,2001
2419,2049,2820,2001
2388,2049,2756,2001
2423,2049,2830,2001
2427,2049,2838,2001
2440,2049,2865,2001
2476,2049,2939,2001
2489,2049,2967,2001
2515,2049,3022,2001
2475,2049,2939,2001
2532,2049,3056,2001
2551,2049,3096,2001
2570,2049,3135,2001
2588,2049,3173,2001
2592,2049,3181,2001
2593,2049,3184,2001
2643,2049,3287,2001
2673,2049,3349,2001
2664,2049,3332,2001
2672,2049,3348,2001
2689,2049,3383,2001
2703,2049,3413,2001
2739,2049,3487,2001
2740,2049,3490,2001
2748,2049,3506,2001
2704,2049,3414,2001
2696,2049,3398,2001
2679,2049,3363,2001
2698,2049,3403,2001
2733,2049,3475,2001
2694,2049,3394,2001
2725,2049,3458,2001
2692,2049,3389,2001
2712,2049,3431,2001
2690,2049,3386,2001
2672,2049,3349,2001
2712,2049,3431,2001
2659,2049,3322,2001
2676,2049,3356,2001
2672,2049,3348,2001
2675,2049,3353,2001
2632,2049,3265,2001
2689,2049,3383,2001
2698,2049,3402,2001
2651,2049,3305,2001
2668,2049,3340,2001
2664,2049,3331,2001
2649,2049,3300,2001
2672,2049,3347,2001
2654,2049,3310,2001
2660,2049,3323,2001
2624,2049,3247,2001
2670,2049,3343,2001
2661,2049,3325,2001
2653,2049,3309,2001
2653,2049,3309,2001
2632,2049,3264,2001
2663,2049,3330,2001
2625,2049,3249,2001
2668,2049,3340,2001
2646,2049,3294,2001
2657,2049,3316,2001
2626,2049,3252,2001
2669,2049,3342,2001
2643,2049,3288,2001
2594,2049,3186,2001
2618,2049,3236,2001
2639,2049,3278,2001
2619,2049,3237,2001
2637,2049,3275,2001
2639,2049,3278,2001
2608,2049,3214,2001
2632,2049,3264,2001
2628,2049,3257,2001
2611,2049,3222,2001
2632,2049,3265,2001
2609,2049,3218,2001
2649,2049,3300,2001
2613,2049,3226,2001
2617,2049,3233,2001
2629,2049,3258,2001
2642,2049,3286,2001
2615,2049,3228,2001
2618,2049,3235,2001
2616,2049,3232,2001
2590,2049,3177,2001
2618,2049,3236,2001
2601,2049,3199,2001
2613,2049,3224,2001
2596,2049,3189,2001
2619,2049,3238,2001
2625,2049,3250,2001
2627,2049,3254,2001
2616,2049,3231,2001
2638,2049,3276,2001
2607,2049,3213,2001
2591,2049,3179,2001
2617,2049,3232,2001
2609,2049,3218,2001
2612,2049,3223,2001
2627,2049,3253,2001
2598,2049,3194,2001
2607,2049,3212,2001
2583,2049,3163,2001
2627,2049,3253,2001
2588,2049,3173,2001
2630,2049,3260,2001
2622,2049,3244,2001
2648,2049,3298,2001
2594,2049,3185,2001
2616,2049,3232,2001
2623,2049,3247,2001
2616,2049,3231,2001
2618,2049,3235,2001
2613,2049,3225,2001
2587,2049,3171,2001
2653,2049,3309,2001
2646,2049,3293,2001
2623,2049,3245,2001
2612,2049,3223,2001
2650,2049,3303,2001
2601,2049,3199,2001
2637,2049,3276,2001
2600,2049,3197,2001
2634,2049,3269,2001
2640,2049,3280,2001
2624,2049,3247,2001
2633,2049,3267,2001
2666,2049,3335,2001
2668,2049,3341,2001
2612,2049,3223,2001
2601,2049,3199,2001
2647,2049,3296,2001
2644,2049,3290,2001
2628,2049,3255,2001
2615,2049,3230,2001
2576,2049,3147,2001
2563,2049,3120,2001
2580,2049,3155,2001
2560,2049,3115,2001
2546,2049,3087,2001
2530,2049,3051,2001
2481,2049,2950,2001
2476,2049,2940,2001
2449,2049,2883,2001
2451,2049,2887,2001
2434,2049,2853,2001
2409,2049,2801,2001
2431,2049,2847,2001
2379,2049,2737,2001
2392,2049,2764,2001
2349,2049,2675,2001
2358,2049,2693,2001
2322,2049,2620,2001
2264,2049,2499,2001
2284,2049,2540,2001
2248,2049,2464,2001
2231,2049,2430,2001
2208,2049,2382,2001
2211,2049,2388,2001
2192,2049,2347,2001
2200,2049,2364,2001
2165,2049,2292,2001
2140,2049,2239,2001
2141,2049,2241,2001
2108,2049,2173,2001
2107,2049,2170,2001
2060,2049,2073,2001
2052,2049,2056,2001
2029,2049,2009,2001
2037,2049,2026,2001
2000,2049,1947,2001
2025,2049,2000,2001
1967,2049,1880,2001
1950,2049,1844,2001
1954,2049,1852,2001
1934,2049,1811,2001
1910,2049,1761,2001
1874,2049,1684,2001
1895,2049,1729,2001
1849,2049,1634,2001
1858,2049,1652,2001
1832,2049,1598,2001
1812,2049,1557,2001
1788,2049,1506,2001
1760,2049,1449,2001
1764,2049,1456,2001
1756,2049,1440,2001
1729,2049,1384,2001
1711,2049,1346,2001
1713,2049,1350,2001
1660,2049,1240,2001
1642,2049,1203,2001
1650,2049,1219,2001
1602,2049,1119,2001
1596,2049,1106,2001
1558,2049,1027,2001
1560,2049,1030,2001
1523,2049,954,2001
1550,2049,1011,2001
1526,2049,961,2001
1506,2049,919,2001
1467,2049,837,2001
1487,2049,879,2001
1430,2049,760,2001
1451,2049,804,2001
1408,2049,715,2001
1403,2049,703,2001
1374,2049,643,2001
1370,2049,636,2001
1335,2049,563,2001
1386,2049,668,2001
1354,2049,602,2001
1351,2049,595,2001
1335,2049,562,2001
1383,2049,662,2001
1394,2049,685,2001
1400,2049,698,2001
1361,2049,618,2001
1385,2049,666,2001
1380,2049,656,2001
1397,2049,691,2001
1397,2049,691,2001
1398,2049,694,2001
1399,2049,696,2001
1420,2049,740,2001
1430,2049,760,2001
1410,2049,720,2001
1403,2049,705,2001
1442,2049,785,2001
1444,2049,790,2001
1423,2049,747,2001
1410,2049,719,2001
1430,2049,760,2001
1422,2049,744,2001
1458,2049,820,2001
1422,2049,744,2001
1460,2049,824,2001
1433,2049,766,2001
1449,2049,800,2001
1427,2049,754,2001
1447,2049,795,2001
1449,2049,800,2001
1442,2049,785,2001
1464,2049,831,2001
1464,2049,832,2001
1458,2049,818,2001
1464,2049,832,2001
1464,2049,832,2001
1442,2049,785,2001
1470,2049,843,2001
1445,2049,792,2001
1452,2049,806,2001
1476,2049,857,2001
1474,2049,851,2001
1453,2049,809,2001
1474,2049,852,2001
1458,2049,819,2001
1442,2049,785,2001
1491,2049,887,2001
1457,2049,816,2001
1501,2049,908,2001
1480,2049,864,2001
1483,2049,871,2001
1449,2049,799,2001
1489,2049,884,2001
1462,2049,826,2001
1483,2049,871,2001
1470,2049,843,2001
1505,2049,916,2001
1509,2049,924,2001
1481,2049,868,2001
1481,2049,867,2001
1460,2049,824,2001
1469,2049,841,2001
1496,2049,899,2001
1454,2049,810,2001
1508,2049,924,2001
1509,2049,925,2001
1470,2049,843,2001
1482,2049,869,2001
1488,2049,881,2001
1501,2049,908,2001
1467,2049,837,2001
1477,2049,859,2001
1507,2049,921,2001
1486,2049,877,2001
1462,2049,826,2001
1502,2049,910,2001
1503,2049,913,2001
1494,2049,893,2001
1495,2049,896,2001
1511,2049,929,2001
1473,2049,849,2001
1481,2049,867,2001
1486,2049,876,2001
1490,2049,885,2001
1484,2049,872,2001
1491,2049,888,2001
1469,2049,841,2001
1475,2049,854,2001
1451,2049,805,2001
1488,2049,881,2001
1466,2049,836,2001
1474,2049,852,2001
1476,2049,855,2001
1490,2049,886,2001
1500,2049,906,2001
1480,2049,865,2001
1475,2049,854,2001
1472,2049,848,2001
1475,2049,853,2001
1487,2049,879,2001
1450,2049,801,2001
1453,2049,808,2001
1492,2049,889,2001
1469,2049,842,2001
1455,2049,813,2001
1431,2049,762,2001
1423,2049,745,2001
1477,2049,858,2001
1441,2049,783,2001
1450,2049,802,2001
1464,2049,831,2001
1510,2049,927,2001
1523,2049,953,2001
1531,2049,972,2001
1564,2048,1039,2000
1595,2048,1104,2000
1602,2048,1119,2000
1606,2048,1128,2000
1620,2048,1156,2000
1632,2048,1182,2000
1663,2048,1246,2000
1690,2048,1301,2000
1700,2048,1323,2000
1723,2048,1371,2000
1735,2048,1396,2000
1739,2048,1403,2000
1753,2048,1434,2000
1757,2048,1442,2000
1799,2048,1529,2000
1812,2048,1556,2000
1823,2048,1580,2000
1835,2048,1604,2000
1880,2048,1698,2000
1855,2048,1647,2000
1897,2048,1733,2000
1920,2048,1781,2000
1904,2048,1748,2000
1941,2048,1825,2000
1934,2048,1810,2000
1983,2048,1913,2000
2017,2048,1983,2000
2006,2048,1960,2000
1994,2048,1936,2000
2037,2048,2026,2000
2102,2048,2160,2000
2055,2048,2063,2000
2111,2048,2179,2000
2125,2048,2209,2000
2131,2048,2220,2000
2152,2048,2264,2000
2167,2048,2297,2000
2218,2048,2401,2000
2204,2048,2373,2000
2232,2048,2431,2000
2268,2048,2507,2000
2246,2048,2461,2000
2251,2048,2472,2000
2261,2048,2493,2000
2305,2048,2584,2000
2313,2048,2600,2000
2327,2048,2629,2000
2351,2048,2680,2000
2382,2048,2745,2000
2375,2048,2730,2000
2426,2048,2835,2000
2409,2048,2801,2000
2410,2048,2802,2000
2455,2048,2896,2000
2452,2048,2890,2000
2476,2048,2939,2000
2515,2048,3022,2000
2537,2048,3068,2000
2518,2048,3028,2000
2570,2048,3136,2000
2600,2048,3198,2000
2602,2048,3201,2000
2598,2048,3194,2000
2638,2048,3278,2000
2636,2048,3272,2000
2655,2048,3312,2000
2654,2048,3310,2000
2679,2048,3363,2000
2692,2048,3389,2000
2751,2048,3512,2000
2744,2048,3499,2000
2740,2048,3489,2000
2733,2048,3476,2000
2712,2048,3431,2000
2748,2048,3505,2000
2723,2048,3454,2000
2714,2048,3436,2000
2735,2048,3479,2000
2693,2048,3391,2000
2734,2048,3477,2000
2699,2048,3405,2000
2677,2048,3358,2000
2713,2048,3434,2000
2684,2048,3373,2000
2701,2048,3408,2000
2682,2048,3369,2000
2699,2048,3405,2000
2675,2048,3354,2000
2691,2048,3387,2000
2674,2048,3352,2000
2677,2048,3359,2000
2683,2048,3371,2000
2670,2048,3343,2000
2680,2048,3365,2000
2650,2048,3303,2000
2669,2048,3343,2000
2647,2048,3296,2000
2677,2048,3358,2000
2671,2048,3346,2000
2652,2048,3307,2000
2653,2048,3309,2000
2637,2048,3276,2000
2656,2048,3316,2000
2683,2048,3370,2000
2650,2048,3303,2000
2642,2048,3286,2000
2639,2048,3279,2000
2636,2048,3273,2000
2635,2048,3272,2000
2638,2048,3278,2000
2651,2048,3305,2000
2633,2048,3266,2000
2667,2048,3338,2000
2618,2048,3236,2000
2632,2048,3266,2000
2634,2048,3268,2000
2630,2048,3261,2000
2627,2048,3255,2000
2637,2048,3276,2000
2613,2048,3224,2000
2610,2048,3218,2000
2609,2048,3217,2000
2624,2048,3248,2000
2608,2048,3215,2000
2625,2048,3250,2000
2606,2048,3210,2000
2644,2048,3289,2000
2645,2048,3292,2000
2630,2048,3260,2000
2636,2048,3273,2000
2604,2048,3207,2000
2604,2048,3206,2000
2594,2048,3185,2000
2614,2048,3226,2000
2617,2048,3234,2000
2617,2048,3234,2000
2588,2048,3173,2000
2628,2048,3257,2000
2617,2048,3234,2000
2586,2048,3168,2000
2609,2048,3217,2000
2606,2048,3211,2000
2587,2048,3171,2000
2596,2048,3190,2000
2646,2048,3294,2000
2614,2048,3227,2000
2590,2048,3177,2000
2608,2048,3215,2000
2625,2048,3251,2000
2588,2048,3173,2000
2655,2048,3313,2000
2595,2048,3187,2000
2595,2048,3187,2000
2603,2048,3203,2000
2612,2048,3223,2000
2602,2048,3202,2000
2648,2048,3298,2000
2600,2048,3198,2000
2592,2048,3182,2000
2621,2048,3241,2000
2606,2048,3210,2000
2614,2048,3227,2000
2609,2048,3216,2000
2602,2048,3202,2000
2625,2048,3250,2000
2627,2048,3255,2000
2623,2048,3246,2000
2608,2048,3214,2000
2622,2048,3244,2000
2608,2048,3215,2000
2640,2048,3280,2000
2612,2048,3224,2000
2653,2048,3308,2000
2631,2048,3263,2000
2652,2048,3306,2000
2650,2048,3303,2000
2609,2048,3217,2000
2594,2048,3186,2000
2654,2048,3310,2000
2634,2048,3270,2000
2655,2048,3312,2000
2644,2048,3289,2000
2620,2048,3239,2000
2630,2048,3261,2000
2588,2048,3174,2000
2594,2048,3185,2000
2579,2048,3155,2000
2559,2048,3112,2000
2495,2048,2980,2000
2505,2048,3000,2000
2497,2048,2984,2000
2478,2048,2944,2000
2424,2048,2831,2000
2439,2048,2862,2000
2450,2048,2886,2000
2390,2048,2760,2000
2403,2048,2787,2000
2392,2048,2764,2000
2366,2048,2710,2000
2336,2048,2648,2000
2332,2048,2639,2000
2320,2048,2615,2000
2292,2048,2556,2000
2266,2048,2503,2000
2241,2048,2450,2000
2263,2048,2496,2000
2238,2048,2443,2000
2220,2048,2406,2000
2198,2048,2361,2000
2186,2048,2335,2000
2146,2048,2252,2000
2168,2048,2299,2000
2128,2048,2214,2000
2125,2048,2208,2000
2095,2048,2146,2000
2056,2048,2065,2000
2054,2048,2061,2000
2043,2048,2037,2000
2024,2048,1997,2000
2026,2048,2001,2000
1959,2048,1863,2000
1987,2048,1922,2000
1978,2048,1901,2000
1939,2048,1821,2000
1942,2048,1828,2000
1880,2048,1697,2000
1871,2048,1679,2000
1869,2048,1676,2000
1861,2048,1659,2000
1849,2048,1633,2000
1839,2048,1612,2000
1821,2048,1574,2000
1785,2048,1500,2000
1801,2048,1533,2000
1749,2048,1424,2000
1761,2048,1450,2000
1743,2048,1413,2000
1714,2048,1353,2000
1700,2048,1322,2000
1662,2048,1245,2000
1663,2048,1246,2000
1658,2048,1236,2000
1603,2048,1121,2000
1607,2048,1129,2000
1584,2048,1082,2000
1605,2048,1125,2000
1540,2048,989,2000
1559,2048,1028,2000
1515,2048,938,2000
1508,2048,924,2000
1484,2048,873,2000
1510,2048,927,2000
1423,2048,745,2000
1435,2048,772,2000
1402,2048,702,2000
1414,2048,727,2000
1369,2048,633,2000
1384,2048,665,2000
1376,2048,647,2000
1366,2048,627,2000
1356,2048,606,2000
1405,2048,708,2000
1387,2048,672,2000
1379,2048,655,2000
1389,2048,674,2000
1357,2048,608,2000
1372,2048,639,2000
1403,2048,703,2000
1376,2048,647,2000
1415,2048,729,2000
1414,2048,727,2000
1409,2048,718,2000
1410,2048,719,2000
1422,2048,743,2000
1431,2048,763,2000
1415,2048,730,2000
1395,2048,689,2000
1403,2048,705,2000
1419,2048,737,2000
1406,2048,711,2000
1410,2048,718,2000
1427,2048,755,2000
1421,2048,742,2000
1432,2048,764,2000
1426,2048,753,2000
1444,2048,790,2000
1447,2048,796,2000
1427,2048,753,2000
1443,2048,788,2000
1440,2048,781,2000
1426,2048,751,2000
1463,2048,830,2000
1448,2048,797,2000
1468,2048,840,2000
1465,2048,833,2000
1427,2048,755,2000
1449,2048,799,2000
1491,2048,887,2000
1474,2048,852,2000
1434,2048,768,2000
1444,2048,790,2000
1471,2048,846,2000
1462,2048,828,2000
1434,2048,768,2000
1489,2048,884,2000
1467,2048,838,2000
1471,2048,847,2000
1476,2048,856,2000
1461,2048,824,2000
1468,2048,839,2000
1491,2048,888,2000
1495,2048,896,2000
1477,2048,858,2000
1486,2048,876,2000
1478,2048,861,2000
1504,2048,915,2000
1489,2048,884,2000
1500,2048,907,2000
1455,2048,813,2000
1456,2048,815,2000
1482,2048,870,2000
1493,2048,891,2000
1479,2048,862,2000
1466,2048,835,2000
1484,2048,872,2000
1470,2048,844,2000
1478,2048,860,2000
1496,2048,898,2000
1476,2048,856,2000
1481,2048,866,2000
1482,2048,870,2000
1479,2048,863,2000
1450,2048,801,2000
1487,2048,880,2000
1482,2048,870,2000
1500,2048,907,2000
1470,2048,843,2000
1475,2048,854,2000
1460,2048,822,2000
1470,2048,844,2000
1495,2048,897,2000
1512,2048,931,2000
1504,2048,914,2000
1481,2048,866,2000
1456,2048,815,2000
1496,2048,899,2000
1478,2048,861,2000
1451,2048,805,2000
1502,2048,911,2000
1482,2048,868,2000
1474,2048,853,2000
1490,2048,885,2000
1498,2048,903,2000
1493,2048,892,2000
1466,2048,836,2000
1465,2048,833,2000
1468,2048,839,2000
1490,2048,886,2000
1455,2048,813,2000
1503,2048,912,2000
1471,2048,846,2000
1445,2048,791,2000
1485,2048,876,2000
1477,2048,859,2000
1458,2048,818,2000
1453,2048,809,2000
1488,2048,881,2000
1472,2048,849,2000
1449,2048,801,2000
1477,2048,859,2000
1452,2048,806,2000
1491,2048,888,2000
1535,2048,979,2000
1518,2048,944,2000
1540,2048,990,2000
1563,2048,1037,2000
1556,2048,1022,2000
1587,2048,1088,2000
1633,2048,1184,2000
1633,2048,1183,2000
1655,2048,1229,2000
1683,2048,1287,2000
1685,2048,1291,2000
1700,2048,1324,2000
1739,2048,1405,2000
1730,2048,1385,2000
1755,2048,1437,2000
1745,2048,1417,2000
1772,2048,1473,2000
1809,2048,1550,2000
1798,2048,1528,2000
1804,2048,1540,2000
1806,2048,1544,2000
1867,2048,1670,2000
1843,2048,1621,2000
1892,2048,1724,2000
1944,2048,1831,2000
1952,2048,1848,2000
1951,2048,1846,2000
1969,2048,1883,2000
1993,2048,1934,2000
1971,2048,1889,2000
2009,2048,1967,2000
2008,2048,1965,2000
2045,2048,2043,2000
2045,2048,2042,2000
2074,2048,2102,2000
2089,2048,2133,2000
2136,2048,2230,2000
2118,2048,2194,2000
2141,2048,2242,2000
2144,2048,2247,2000
2165,2048,2292,2000
2177,2048,2318,2000
2208,2048,2380,2000
2199,2048,2362,2000
2241,2048,2450,2000
2263,2048,2497,2000
2300,2048,2573,2000
2296,2048,2565,2000
2312,2048,2597,2000
2319,2048,2612,2000
2337,2048,2649,2000
2355,2048,2688,2000
2371,2048,2720,2000
2431,2048,2847,2000
2407,2048,2796,2000
2414,2048,2811,2000
2462,2048,2911,2000
2487,2048,2962,2000
2473,2048,2933,2000
2505,2048,3001,2000
2534,2048,3060,2000
2512,2048,3015,2000
2536,2048,3066,2000
2578,2048,3152,2000
2574,2048,3143,2000
2609,2048,3216,2000
2615,2048,3230,2000
2639,2048,3280,2000
2648,2048,3297,2000
2673,2048,3351,2000
2686,2048,3378,2000
2725,2048,3459,2000
2741,2048,3491,2000
2727,2048,3462,2000
2721,2048,3449,2000
2718,2048,3443,2000
2731,2048,3471,2000
2708,2048,3423,2000
2702,2048,3410,2000
2725,2048,3458,2000
2721,2048,3451,2000
2736,2048,3481,2000
2673,2048,3350,2000
2702,2048,3411,2000
2720,2048,3449,2000
2696,2048,3398,2000
2703,2048,3412,2000
2663,2048,3329,2000
2681,2048,3367,2000
2681,2048,3368,2000
2671,2048,3346,2000
2692,2048,3389,2000
2695,2048,3396,2000
2674,2048,3353,2000
2679,2048,3362,2000
2663,2048,3330,2000
2669,2048,3342,2000
2640,2048,3282,2000
2657,2048,3317,2000
2633,2048,3266,2000
2669,2048,3341,2000
2670,2048,3344,2000
2628,2048,3257,2000
2658,2048,3318,2000
2662,2048,3328,2000
2651,2048,3304,2000
2646,2048,3294,2000
2659,2048,3321,2000
2639,2048,3279,2000
2645,2048,3291,2000
2678,2048,3361,2000
2678,2048,3360,2000
2648,2048,3299,2000
2662,2048,3328,2000
2631,2048,3263,2000
2651,2048,3304,2000
2616,2048,3232,2000
2632,2048,3264,2000
2630,2048,3259,2000
2610,2048,3219,2000
2631,2048,3263,2000
2626,2048,3253,2000
2626,2048,3252,2000
2596,2048,3189,2000
2618,2048,3236,2000
2617,2048,3233,2000
2640,2048,3282,2000
2633,2048,3266,2000
2613,2048,3224,2000
2616,2048,3232,2000
2627,2048,3255,2000
2610,2048,3218,2000
2619,2048,3238,2000
2590,2048,3177,2000
2577,2048,3150,2000
2631,2048,3262,2000
2619,2048,3238,2000
2579,2048,3155,2000
2582,2048,3162,2000
2582,2048,3161,2000
2594,2048,3186,2000
2605,2048,3208,2000
2627,2048,3254,2000
2609,2048,3217,2000
2619,2048,3238,2000
2621,2048,3242,2000
2608,2048,3214,2000
2622,2048,3243,2000
2606,2048,3210,2000
2618,2048,3234,2000
2601,2048,3200,2000
2637,2048,3275,2000
2598,2048,3193,2000
2610,2048,3219,2000
2649,2048,3299,2000
2596,2048,3190,2000
2589,2048,3174,2000
2609,2048,3217,2000
2607,2048,3213,2000
2625,2048,3251,2000
2618,2048,3235,2000
2616,2048,3230,2000
2651,2048,3304,2000
2599,2048,3197,2000
2615,2048,3230,2000
2615,2048,3229,2000
2628,2048,3257,2000
2597,2048,3192,2000
2639,2048,3278,2000
2609,2048,3216,2000
2667,2048,3337,2000
2642,2048,3287,2000
2614,2048,3228,2000
2638,2048,3278,2000
2620,2048,3240,2000
2629,2048,3258,2000
2642,2048,3285,2000
2644,2048,3291,2000
2639,2048,3279,2000
2630,2048,3261,2000
2638,2048,3277,2000
2637,2048,3275,2000
2634,2048,3269,2000
2656,2048,3315,2000
2629,2048,3258,2000
2599,2048,3195,2000
2619,2048,3237,2000
2596,2048,3190,2000
2583,2048,3163,2000
2571,2048,3138,2000
2541,2048,3076,2000
2528,2048,3048,2000
2526,2048,3044,2000
2491,2048,2971,2000
2484,2048,2956,2000
2474,2048,2936,2000
2484,2048,2957,2000
2417,2048,2817,2000
2395,2048,2771,2000
2398,2048,2778,2000
2390,2048,2760,2000
2342,2048,2661,2000
2303,2048,2579,2000
2336,2048,2647,2000
2325,2048,2625,2000
2323,2048,2620,2000
2256,2048,2481,2000
2262,2048,2494,2000
2258,2048,2486,2000
2233,2048,2433,2000
2196,2048,2356,2000
2195,2048,2355,2000
2184,2048,2332,2000
2160,2048,2281,2000
2163,2048,2288,2000
2118,2048,2194,2000
2108,2048,2173,2000
2099,2048,2154,2000
2076,2048,2107,2000
2098,2048,2152,2000
2055,2048,2062,2000
2009,2048,1967,2000
2033,2048,2017,2000
2019,2048,1987,2000
1959,2048,1862,2000
1981,2048,1909,2000
1944,2048,1831,2000
1955,2048,1854,2000
1926,2048,1794,2000
1882,2048,1703,2000
1878,2048,1694,2000
1878,2048,1694,2000
1859,2048,1654,2000
1850,2048,1635,2000
1835,2048,1603,2000
1813,2048,1558,2000
1777,2048,1483,2000
1761,2048,1450,2000
1724,2048,1373,2000
1718,2048,1360,2000
1697,2048,1316,2000
1716,2048,1357,2000
1663,2048,1247,2000
1670,2048,1260,2000
1630,2048,1177,2000
1629,2048,1174,2000
1608,2048,1132,2000
1575,2048,1063,2000
1565,2048,1041,2000
1573,2048,1058,2000
1543,2048,997,2000
1539,2048,988,2000
1518,2048,944,2000
1496,2048,898,2000
1461,2048,825,2000
1433,2048,766,2000
1416,2048,731,2000
1430,2048,761,2000
1403,2048,705,2000
1399,2048,696,2000
1352,2048,597,2000
1387,2048,670,2000
1372,2048,639,2000
1346,2048,585,2000
1374,2048,643,2000
1384,2048,665,2000
1374,2048,643,2000
1389,2048,676,2000
1390,2048,678,2000
1404,2048,706,2000
1403,2048,704,2000
1383,2048,663,2000
1401,2048,699,2000
1419,2048,737,2000
1373,2048,642,2000
1415,2048,730,2000
1433,2048,768,2000
1391,2048,679,2000
1421,2048,742,2000
1419,2048,737,2000
1433,2048,768,2000
1427,2048,754,2000
1418,2048,735,2000
1387,2048,671,2000
1428,2048,757,2000
1422,2048,744,2000
1419,2048,738,2000
1411,2048,722,2000
1448,2048,797,2000
1442,2048,785,2000
1448,2048,797,2000
1444,2048,789,2000
1418,2048,736,2000
1430,2048,761,2000
1470,2048,845,2000
1434,2048,770,2000
1468,2048,839,2000
1445,2048,792,2000
1451,2048,804,2000
1466,2048,836,2000
1471,2048,846,2000
1479,2048,863,2000
1468,2048,839,2000
1463,2048,830,2000
1460,2048,823,2000
1457,2048,816,2000
1490,2048,886,2000
1470,2048,844,2000
1493,2048,893,2000
1470,2048,844,2000
1466,2048,835,2000
1480,2048,865,2000
1513,2048,932,2000
1497,2048,901,2000
1472,2048,848,2000
1440,2048,782,2000
1474,2048,851,2000
1496,2048,898,2000
1460,2048,824,2000
1471,2048,847,2000
1509,2048,925,2000
1472,2048,849,2000
1481,2048,867,2000
1479,2048,862,2000
1473,2048,850,2000
1453,2048,808,2000
1478,2048,861,2000
1484,2048,872,2000
1475,2048,853,2000
1504,2048,915,2000
1484,2048,874,2000
1477,2048,858,2000
1466,2048,836,2000
1490,2048,886,2000
1484,2048,873,2000
1489,2048,884,2000
1513,2048,934,2000
1463,2048,830,2000
1495,2048,896,2000
1482,2048,868,2000
1479,2048,862,2000
1478,2048,861,2000
1475,2048,855,2000
1472,2048,849,2000
1480,2048,865,2000
1488,2048,882,2000
1478,2048,860,2000
1477,2048,858,2000
1479,2048,863,2000
1490,2048,885,2000
1485,2048,876,2000
1496,2048,899,2000
1480,2048,865,2000
1486,2048,878,2000
1479,2048,862,2000
1471,2048,846,2000
1450,2048,802,2000
1452,2048,805,2000
1453,2048,808,2000
1474,2048,852,2000
1461,2048,824,2000
1465,2048,833,2000
1446,2048,793,2000
1473,2048,849,2000
1468,2048,840,2000
1504,2048,914,2000
1477,2048,859,2000
1477,2048,858,2000
1491,2048,888,2000
1470,2048,843,2000
1453,2048,809,2000
1461,2048,826,2000
1456,2048,816,2000
1473,2048,849,2000
1515,2048,937,2000
1527,2048,963,2000
1521,2048,950,2000
1504,2048,914,2000
1577,2048,1066,2000
1551,2048,1012,2000
1557,2048,1026,2000
1617,2048,1151,2000
1631,2048,1180,2000
1652,2048,1223,2000
1663,2048,1246,2000
1653,2048,1224,2000
1696,2048,1315,2000
1723,2048,1371,2000
1717,2048,1357,2000
1738,2048,1402,2000
1763,2048,1454,2000
1786,2048,1503,2000
1800,2048,1531,2000
1787,2048,1504,2000
1828,2048,1590,2000
1837,2048,1609,2000
1869,2048,1675,2000
1879,2048,1695,2000
1881,2048,1700,2000
1887,2048,1712,2000
1885,2048,1708,2000
1933,2048,1809,2000
1960,2048,1865,2000
1978,2048,1902,2000
2006,2048,1961,2000
2009,2048,1968,2000
2042,2048,2034,2000
2066,2048,2085,2000
2060,2048,2073,2000
2064,2048,2082,2000
2087,2048,2129,2000
2126,2048,2211,2000
2135,2048,2229,2000
2131,2048,2221,2000
2169,2048,2300,2000
2174,2048,2312,2000
2183,2048,2329,2000
2217,2048,2400,2000
2235,2048,2438,2000
2252,2048,2474,2000
2285,2048,2542,2000
2280,2048,2532,2000
2291,2048,2555,2000
2321,2048,2616,2000
2319,2048,2613,2000
2355,2048,2688,2000
2346,2048,2668,2000
2372,2048,2724,2000
2370,2048,2718,2000
2412,2048,2807,2000
2457,2048,2900,2000
2436,2048,2856,2000
2473,2048,2934,2000
2498,2048,2986,2000
2477,2048,2942,2000
2520,2048,3030,2000
2525,2048,3041,2000
2533,2048,3057,2000
2586,2048,3169,2000
2572,2048,3139,2000
2587,2048,3171,2000
2641,2048,3284,2000
2629,2048,3258,2000
2646,2048,3293,2000
2683,2048,3371,2000
2672,2048,3347,2000
2719,2048,3445,2000
2711,2048,3430,2000
2759,2048,3529,2000
2740,2048,3491,2000
2702,2048,3409,2000
2700,2048,3407,2000
2728,2048,3465,2000
2692,2048,3389,2000
2692,2048,3390,2000
2721,2048,3451,2000
2716,2048,3439,2000
2695,2048,3395,2000
2710,2048,3426,2000
2707,2048,3421,2000
2717,2048,3442,2000
2677,2048,3359,2000
2676,2048,3356,2000
2679,2048,3362,2000
2695,2048,3397,2000
2683,2048,3371,2000
2670,2048,3344,2000
2668,2048,3339,2000
2678,2048,3360,2000
2668,2048,3341,2000
2678,2048,3359,2000
2649,2048,3300,2000
2674,2048,3352,2000
2660,2048,3323,2000
2662,2048,3328,2000
2674,2048,3351,2000
2651,2048,3305,2000
2633,2048,3266,2000
2655,2048,3313,2000
2656,2048,3314,2000
2634,2048,3268,2000
2636,2048,3272,2000
2654,2048,3311,2000
2656,2048,3314,2000
2641,2048,3283,2000
2640,2048,3281,2000
2636,2048,3273,2000
2623,2048,3245,2000
2659,2048,3322,2000
2645,2048,3291,2000
2627,2048,3255,2000
2624,2048,3249,2000
2609,2048,3217,2000
2610,2048,3219,2000
2633,2048,3266,2000
2632,2048,3264,2000
2633,2048,3266,2000
2606,2048,3211,2000
2628,2048,3256,2000
2628,2048,3257,2000
2657,2048,3316,2000
2608,2048,3215,2000
2593,2048,3183,2000
2639,2048,3280,2000
2621,2048,3242,2000
2603,2048,3204,2000
2604,2048,3206,2000
2609,2048,3217,2000
2632,2048,3264,2000
2600,2048,3199,2000
2643,2048,3288,2000
2619,2048,3238,2000
2581,2048,3158,2000
2613,2048,3225,2000
2619,2048,3238,2000
2626,2048,3252,2000
2654,2048,3310,2000
2626,2048,3253,2000
2618,2048,3235,2000
2624,2048,3247,2000
2616,2048,3231,2000
2585,2048,3167,2000
2593,2048,3184,2000
2594,2048,3185,2000
2627,2048,3254,2000
2607,2048,3213,2000
2602,2048,3202,2000
2621,2048,3242,2000
2601,2048,3200,2000
2623,2048,3245,2000
2619,2048,3238,2000
2602,2048,3203,2000
2607,2048,3213,2000
2577,2048,3151,2000
2611,2048,3222,2000
2588,2048,3173,2000
2592,2048,3181,2000
2618,2048,3236,2000
2610,2048,3219,2000
2608,2048,3215,2000
2631,2048,3262,2000
2641,2048,3283,2000
2626,2048,3252,2000
2660,2048,3323,2000
2621,2048,3242,2000
2626,2048,3252,2000
2624,2048,3249,2000
2626,2048,3252,2000
2592,2048,3180,2000
2604,2048,3207,2000
2613,2048,3225,2000
2644,2048,3290,2000
2669,2048,3341,2000
2637,2048,3275,2000
2612,2048,3222,2000
2648,2048,3298,2000
2626,2048,3252,2000
2634,2048,3269,2000
2642,2048,3286,2000
2650,2048,3302,2000
2658,2048,3320,2000
2607,2048,3212,2000
2595,2048,3187,2000
2584,2048,3164,2000
2548,2048,3089,2000
2550,2048,3095,2000
2520,2048,3031,2000
2532,2048,3056,2000
2487,2048,2962,2000
2485,2048,2959,2000
2456,2048,2899,2000
2469,2048,2925,2000
2460,2048,2906,2000
2398,2048,2778,2000
2369,2048,2718,2000
2367,2048,2712,2000
2362,2048,2702,2000
2331,2048,2638,2000
2331,2048,2638,2000
2296,2048,2565,2000
2286,2048,2545,2000
2290,2048,2552,2000
2249,2048,2466,2000
2250,2048,2470,2000
2230,2048,2426,2000
2200,2048,2364,2000
2164,2048,2290,2000
2175,2048,2312,2000
2152,2048,2265,2000
2139,2048,2237,2000
2141,2048,2242,2000
2114,2048,2185,2000
2128,2048,2215,2000
2070,2048,2094,2000
2051,2048,2054,2000
2025,2048,2000,2000
2050,2048,2052,2000
2010,2048,1969,2000
1984,2048,1915,2000
1968,2048,1882,2000
1970,2048,1885,2000
1918,2048,1778,2000
1935,2048,1814,2000
1884,2048,1707,2000
1894,2048,1728,2000
1849,2048,1633,2000
1863,2048,1663,2000
1853,2048,1641,2000
1843,2048,1621,2000
1821,2048,1575,2000
1812,2048,1556,2000
1796,2048,1523,2000
1778,2048,1484,2000
1717,2048,1359,2000
1754,2048,1435,2000
1708,2048,1339,2000
1678,2048,1277,2000
1683,2048,1287,2000
1665,2048,1251,2000
1637,2048,1192,2000
1635,2048,1189,2000
1591,2048,1096,2000
1577,2048,1066,2000
1567,2048,1045,2000
1540,2048,989,2000
1558,2048,1028,2000
1539,2048,987,2000
1493,2048,892,2000
1483,2048,871,2000
1468,2048,839,2000
1439,2048,779,2000
1410,2048,718,2000
1418,2048,735,2000
1403,2048,705,2000
1361,2048,618,2000
1347,2048,587,2000
1380,2048,656,2000
1381,2048,658,2000
1344,2048,580,2000
1402,2048,703,2000
1373,2048,642,2000
1387,2048,671,2000
1383,2048,663,2000
1376,2048,649,2000
1382,2048,662,2000
1394,2048,685,2000
1421,2048,742,2000
1412,2048,722,2000
1390,2048,678,2000
1411,2048,722,2000
1390,2048,676,2000
1354,2048,603,2000
1406,2048,710,2000
1426,2048,752,2000
1409,2048,716,2000
1400,2048,698,2000
1411,2048,721,2000
1436,2048,773,2000
1441,2048,784,2000
1435,2048,770,2000
1404,2048,707,2000
1448,2048,798,2000
1433,2048,766,2000
1408,2048,715,2000
1446,2048,794,2000
1453,2048,808,2000
1438,2048,777,2000
1433,2048,767,2000
1471,2048,847,2000
1415,2048,729,2000
1467,2048,838,2000
1457,2048,817,2000
1442,2048,786,2000
1458,2048,819,2000
1461,2048,825,2000
1422,2048,744,2000
1471,2048,847,2000
1414,2048,727,2000
1463,2048,830,2000
1442,2048,786,2000
1478,2048,860,2000
1481,2048,867,2000
1453,2048,809,2000
1482,2048,870,2000
1491,2048,888,2000
1467,2048,837,2000
1458,2048,819,2000
1486,2048,877,2000
1492,2048,891,2000
1484,2048,874,2000
1472,2048,848,2000
1475,2048,854,2000
1449,2048,801,2000
1470,2048,844,2000
1479,2048,862,2000
1472,2048,849,2000
1489,2048,884,2000
1477,2048,858,2000
1492,2048,890,2000
1487,2048,880,2000
1509,2048,924,2000
1471,2048,846,2000
1517,2048,942,2000
1494,2048,895,2000
1458,2048,819,2000
1477,2048,858,2000
1476,2048,856,2000
1460,2048,823,2000
1498,2048,902,2000
1508,2048,923,2000
1504,2048,915,2000
1495,2048,897,2000
1469,2048,841,2000
1473,2048,849,2000
1485,2048,874,2000
1462,2048,828,2000
1487,2048,880,2000
1487,2048,880,2000
1500,2048,906,2000
1512,2048,931,2000
1498,2048,901,2000
1458,2048,818,2000
1506,2048,918,2000
1469,2048,842,2000
1492,2048,889,2000
1484,2048,874,2000
1492,2048,891,2000
1477,2048,859,2000
1461,2048,826,2000
1488,2048,881,2000
1474,2048,853,2000
1465,2048,834,2000
1478,2048,861,2000
1497,2048,900,2000
1447,2048,795,2000
1480,2048,865,2000
1490,2048,885,2000
1490,2048,885,2000
1457,2048,816,2000
1468,2048,840,2000
1485,2048,874,2000
1443,2048,787,2000
1481,2048,867,2000
1459,2048,822,2000
1466,2048,836,2000
1457,2048,817,2000
1488,2048,882,2000
1487,2048,880,2000
1468,2048,839,2000
1522,2048,952,2000
1524,2048,957,2000
1515,2048,938,2000
1556,2048,1023,2000
1558,2048,1027,2000
1578,2048,1069,2000
1562,2048,1036,2000
1637,2048,1192,2000
1623,2048,1163,2000
1663,2048,1247,2000
1669,2048,1258,2000
1644,2048,1207,2000
1705,2048,1334,2000
1705,2048,1334,2000
1715,2048,1354,2000
1751,2048,1429,2000
1762,2048,1452,2000
1774,2048,1477,2000
1774,2048,1477,2000
1792,2048,1516,2000
1825,2048,1583,2000
1859,2048,1655,2000
1843,2048,1620,2000
1890,2048,1719,2000
1895,2048,1730,2000
1912,2048,1765,2000
1958,2048,1860,2000
1971,2048,1888,2000
1968,2048,1881,2000
1967,2048,1879,2000
2036,2048,2024,2000
2026,2048,2003,2000
2007,2048,1963,2000
2044,2048,2040,2000
2041,2048,2033,2000
2058,2048,2069,2000
2109,2048,2176,2000
2102,2048,2160,2000
2112,2048,2182,2000
2143,2048,2246,2000
2139,2048,2237,2000
2200,2048,2364,2000
2191,2048,2346,2000
2217,2048,2399,2000
2249,2048,2468,2000
2209,2048,2383,2000
2252,2048,2473,2000
2267,2048,2505,2000
2289,2048,2551,2000
2309,2048,2591,2000
2309,2048,2592,2000
2352,2048,2682,2000
2343,2048,2663,2000
2353,2048,2684,2000
2393,2048,2768,2000
2407,2048,2795,2000
2458,2048,2903,2000
2475,2048,2937,2000
2450,2048,2885,2000
2486,2048,2960,2000
2499,2048,2988,2000
2493,2048,2975,2000
2550,2048,3093,2000
2560,2048,3114,2000
2557,2048,3108,2000
2594,2048,3186,2000
2608,2048,3215,2000
2609,2048,3217,2000
2636,2048,3272,2000
2641,2048,3284,2000
2677,2048,3358,2000
2665,2048,3334,2000
2715,2048,3439,2000
2710,2048,3426,2000
2745,2048,3501,2000
2708,2048,3423,2000
2733,2048,3476,2000
2738,2048,3485,2000
2721,2048,3449,2000
2703,2048,3412,2000
2709,2048,3425,2000
2700,2048,3406,2000
2712,2048,3432,2000
2707,2048,3421,2000
2704,2048,3414,2000
2713,2048,3434,2000
2680,2048,3364,2000
2682,2048,3369,2000
2677,2048,3359,2000
2671,2048,3345,2000
2666,2048,3335,2000
2708,2048,3423,2000
2688,2048,3382,2000
2657,2048,3317,2000
2660,2048,3322,2000
2663,2048,3328,2000
2688,2048,3381,2000
2668,2048,3340,2000
2669,2048,3341,2000
2666,2048,3336,2000
2655,2048,3314,2000
2646,2048,3294,2000
2641,2048,3284,2000
2687,2048,3380,2000
2667,2048,3338,2000
2673,2048,3350,2000
2664,2048,3330,2000
2631,2048,3262,2000
2632,2048,3265,2000
2661,2048,3324,2000
2635,2048,3270,2000
2621,2048,3243,2000
2661,2048,3326,2000
2613,2048,3224,2000
2632,2048,3266,2000
2609,2048,3217,2000
2614,2048,3227,2000
2615,2048,3228,2000
2630,2048,3260,2000
2630,2048,3261,2000
2617,2048,3234,2000
2637,2048,3275,2000
2627,2048,3253,2000
2636,2048,3272,2000
2618,2048,3235,2000
2599,2048,3197,2000
2641,2048,3283,2000
2611,2048,3221,2000
2621,2048,3242,2000
2638,2048,3277,2000
2640,2048,3281,2000
2615,2048,3230,2000
2626,2048,3252,2000
2618,2048,3236,2000
2632,2048,3265,2000
2601,2048,3201,2000
2610,2048,3218,2000
2618,2048,3236,2000
2607,2048,3212,2000
2623,2048,3246,2000
2616,2048,3231,2000
2614,2048,3227,2000
2594,2048,3186,2000
2614,2048,3227,2000
2614,2048,3228,2000
2630,2048,3260,2000
2618,2048,3236,2000
2623,2048,3246,2000
2600,2048,3199,2000
2634,2048,3268,2000
2618,2048,3236,2000
2585,2048,3166,2000
2619,2048,3238,2000
2605,2048,3208,2000
2592,2048,3181,2000
2616,2048,3231,2000
2587,2048,3170,2000
2585,2048,3167,2000
2624,2048,3249,2000
2592,2048,3182,2000
2604,2048,3207,2000
2607,2048,3213,2000
2634,2048,3269,2000
2621,2048,3241,2000
2596,2048,3190,2000
2607,2048,3212,2000
2607,2048,3212,2000
2605,2048,3209,2000
2637,2048,3276,2000
2597,2048,3192,2000
2638,2048,3277,2000
2642,2048,3285,2000
2608,2048,3214,2000
2632,2048,3266,2000
2632,2048,3264,2000
2626,2048,3252,2000
2634,2048,3269,2000
2652,2048,3306,2000
2642,2048,3285,2000
2641,2048,3283,2000
2626,2048,3252,2000
2627,2048,3255,2000
2619,2048,3238,2000
2625,2048,3249,2000
2656,2048,3314,2000
2625,2048,3251,2000
2602,2048,3201,2000
2609,2048,3216,2000
2616,2048,3232,2000
2560,2048,3114,2000
2590,2048,3176,2000
2566,2048,3127,2000
2516,2048,3024,2000
2500,2048,2990,2000
2531,2048,3054,2000
2464,2048,2916,2000
2466,2048,2918,2000
2452,2048,2890,2000
2433,2048,2850,2000
2419,2048,2821,2000
2396,2048,2772,2000
2380,2048,2740,2000
2352,2048,2682,2000
2341,2048,2658,2000
2342,2048,2660,2000
2301,2048,2574,2000
2313,2048,2601,2000
2295,2048,2562,2000
2283,2048,2539,2000
2248,2048,2465,2000
2191,2048,2346,2000
2225,2048,2418,2000
2199,2048,2363,2000
2196,2048,2356,2000
2149,2048,2258,2000
2169,2048,2300,2000
2117,2048,2191,2000
2101,2048,2159,2000
2083,2048,2122,2000
2072,2048,2098,2000
2045,2048,2041,2000
2046,2048,2043,2000
2044,2048,2040,2000
1988,2048,1922,2000
2009,2048,1966,2000
1967,2048,1880,2000
1924,2048,1790,2000
1962,2048,1868,2000
1933,2048,1809,2000
1887,2048,1712,2000
1930,2048,1802,2000
1852,2048,1639,2000
1850,2048,1636,2000
1820,2048,1574,2000
1829,2048,1591,2000
1825,2048,1584,2000
1806,2048,1544,2000
1780,2048,1490,2000
1769,2048,1466,2000
1732,2048,1389,2000
1721,2048,1367,2000
1703,2048,1329,2000
1649,2048,1216,2000
1691,2048,1305,2000
1635,2048,1187,2000
1637,2048,1193,2000
1631,2048,1180,2000
1606,2048,1127,2000
1568,2048,1049,2000
1581,2048,1075,2000
1555,2048,1020,2000
1529,2048,966,2000
1494,2048,895,2000
1511,2048,930,2000
1512,2048,931,2000
1456,2048,815,2000
1474,2048,851,2000
1441,2048,783,2000
1406,2048,711,2000
1431,2048,763,2000
1375,2048,647,2000
1380,2048,657,2000
1344,2048,580,2000
1367,2048,630,2000
1352,2048,598,2000
1373,2048,642,2000
1381,2048,658,2000
1380,2048,656,2000
1407,2048,712,2000
1382,2048,660,2000
1393,2048,683,2000
1410,2048,718,2000
1401,2048,699,2000
1406,2048,710,2000
1406,2048,710,2000
1397,2048,692,2000
1387,2048,670,2000
1391,2048,679,2000
1417,2048,732,2000
1454,2048,810,2000
1423,2048,745,2000
1438,2048,778,2000
1457,2048,817,2000
1421,2048,742,2000
1426,2048,752,2000
1451,2048,804,2000
1436,2048,774,2000
1453,2048,808,2000
1437,2048,776,2000
1440,2048,782,2000
1471,2048,845,2000
1462,2048,828,2000
1460,2048,824,2000
1469,2048,841,2000
1438,2048,777,2000
1459,2048,822,2000
1487,2048,880,2000
1431,2048,763,2000
1441,2048,783,2000
1423,2048,745,2000
1434,2048,770,2000
1456,2048,814,2000
1447,2048,795,2000
1446,2048,793,2000
1474,2048,853,2000
1473,2048,850,2000
1471,2048,847,2000
1473,2048,850,2000
1470,2048,843,2000
1460,2048,823,2000
1496,2048,897,2000
1492,2048,890,2000
1491,2048,887,2000
1491,2048,887,2000
1501,2048,908,2000
1485,2048,874,2000
1451,2048,805,2000
1488,2048,882,2000
1484,2048,873,2000
1463,2048,830,2000
1487,2048,879,2000
1467,2048,838,2000
1483,2048,871,2000
1470,2048,844,2000
1484,2048,873,2000
1498,2048,903,2000
1462,2048,826,2000
1447,2048,797,2000
1505,2048,917,2000
1472,2048,848,2000
1470,2048,843,2000
1481,2048,866,2000
1523,2048,955,2000
1495,2048,896,2000
1503,2048,913,2000
1489,2048,884,2000
1481,2048,868,2000
1466,2048,836,2000
1487,2048,879,2000
1491,2048,888,2000
1485,2048,875,2000
1459,2048,821,2000
1464,2048,830,2000
1491,2048,888,2000
1469,2048,843,2000
1460,2048,823,2000
1466,2048,836,2000
1516,2048,940,2000
1490,2048,885,2000
1488,2048,881,2000
1460,2048,823,2000
1487,2048,879,2000
1455,2048,812,2000
1480,2048,865,2000
1442,2048,785,2000
1479,2048,862,2000
1458,2048,819,2000
1458,2048,818,2000
1475,2048,853,2000
1482,2048,869,2000
1483,2048,871,2000
1460,2048,822,2000
1456,2048,814,2000
1456,2048,814,2000
1458,2048,819,2000
1460,2048,822,2000
1466,2048,836,2000
1462,2048,827,2000
1478,2048,861,2000
1461,2048,826,2000
1478,2048,861,2000
1462,2048,827,2000
1461,2048,826,2000
1465,2048,834,2000
1482,2048,869,2000
1510,2048,927,2000
1521,2048,950,2000
1552,2048,1014,2000
1533,2048,974,2000
1583,2048,1079,2000
1579,2048,1070,2000
1580,2048,1074,2000
1599,2048,1112,2000
1625,2048,1166,2000
1669,2048,1258,2000
1668,2048,1256,2000
1679,2048,1280,2000
1672,2048,1265,2000
1714,2048,1353,2000
1738,2048,1402,2000
1767,2048,1462,2000
1733,2048,1393,2000
1771,2048,1471,2000
1780,2048,1489,2000
1814,2048,1560,2000
1836,2048,1607,2000
1843,2048,1620,2000
1850,2048,1636,2000
1845,2048,1625,2000
1873,2048,1683,2000
1876,2048,1690,2000
1937,2048,1817,2000
1964,2048,1873,2000
1938,2048,1819,2000
1986,2048,1920,2000
1976,2048,1899,2000
2011,2048,1970,2000
2030,2048,2010,2000
2037,2048,2026,2000
2073,2048,2101,2000
2091,2048,2137,2000
2103,2048,2163,2000
2120,2048,2199,2000
2124,2048,2207,2000
2157,2048,2276,2000
2173,2048,2308,2000
2166,2048,2293,2000
2195,2048,2354,2000
2205,2048,2376,2000
2225,2048,2418,2000
2246,2048,2461,2000
2262,2048,2494,2000
2285,2048,2541,2000
2289,2048,2550,2000
2317,2048,2609,2000
2339,2048,2655,2000
2337,2048,2650,2000
2357,2048,2691,2000
2378,2048,2736,2000
2390,2048,2761,2000
2422,2048,2828,2000
2434,2048,2852,2000
2452,2048,2890,2000
2431,2048,2845,2000
2453,2048,2891,2000
2490,2048,2968,2000
2508,2048,3006,2000
2500,2048,2990,2000
2560,2048,3116,2000
2570,2048,3136,2000
2583,2048,3163,2000
2605,2048,3208,2000
2631,2048,3264,2000
2627,2048,3255,2000
2651,2048,3305,2000
2674,2048,3352,2000
2665,2048,3334,2000
2690,2048,3386,2000
2717,2048,3441,2000
2707,2048,3420,2000
2716,2048,3440,2000
2728,2048,3464,2000
2734,2048,3478,2000
2711,2048,3429,2000
2740,2048,3489,2000
2746,2048,3501,2000
2738,2048,3486,2000
2707,2048,3420,2000
2718,2048,3443,2000
2712,2048,3432,2000
2692,2048,3389,2000
2682,2048,3370,2000
2700,2048,3406,2000
2701,2048,3408,2000
2678,2048,3361,2000
2704,2048,3414,2000
2692,2048,3389,2000
2698,2048,3401,2000
2676,2048,3356,2000
2675,2048,3354,2000
2676,2048,3357,2000
2694,2048,3394,2000
2652,2048,3307,2000
2644,2048,3289,2000
2657,2048,3317,2000
2672,2048,3348,2000
2685,2048,3376,2000
2650,2048,3303,2000
2671,2048,3345,2000
2645,2048,3292,2000
2654,2048,3310,2000
2668,2048,3341,2000
2629,2048,3259,2000
2657,2048,3317,2000
2624,2048,3247,2000
2635,2048,3270,2000
2619,2048,3237,2000
2655,2048,3312,2000
2644,2048,3290,2000
2627,2048,3254,2000
2615,2048,3229,2000
2633,2048,3268,2000
2602,2048,3203,2000
2639,2048,3280,2000
2673,2048,3350,2000
2595,2048,3188,2000
2631,2048,3263,2000
2629,2048,3259,2000
2582,2048,3161,2000
2637,2048,3275,2000
2619,2048,3238,2000
2626,2048,3252,2000
2606,2048,3211,2000
2600,2048,3198,2000
2600,2048,3198,2000
2647,2048,3297,2000
2641,2048,3284,2000
2616,2048,3231,2000
2580,2048,3157,2000
2604,2048,3206,2000
2624,2048,3248,2000
2595,2048,3188,2000
2606,2048,3211,2000
2618,2048,3236,2000
2606,2048,3211,2000
2605,2048,3208,2000
2618,2048,3235,2000
2600,2048,3199,2000
2611,2048,3220,2000
2594,2048,3186,2000
2602,2048,3203,2000
2604,2048,3207,2000
2619,2048,3237,2000
2609,2048,3216,2000
2600,2048,3199,2000
2625,2048,3250,2000
2610,2048,3219,2000
2620,2048,3240,2000
2605,2048,3208,2000
2617,2048,3234,2000
2617,2048,3233,2000
2594,2048,3186,2000
2614,2048,3227,2000
2599,2048,3197,2000
2597,2048,3192,2000
2621,2048,3243,2000
2596,2048,3189,2000
2619,2048,3238,2000
2614,2048,3228,2000
2609,2048,3218,2000
2608,2048,3216,2000
2618,2048,3237,2000
2660,2048,3323,2000
2636,2048,3273,2000
2618,2048,3235,2000
2632,2048,3265,2000
2623,2048,3247,2000
2644,2048,3291,2000
2635,2048,3271,2000
2605,2048,3209,2000
2606,2048,3211,2000
2646,2048,3294,2000
2624,2048,3247,2000
2612,2048,3223,2000
2631,2048,3263,2000
2642,2048,3286,2000
2622,2048,3244,2000
2641,2048,3284,2000
2634,2048,3269,2000
2619,2048,3237,2000
2643,2048,3287,2000
2632,2048,3264,2000
2591,2048,3180,2000
2559,2048,3112,2000
2586,2048,3168,2000
2551,2048,3097,2000
2572,2048,3140,2000
2522,2048,3036,2000
2542,2048,3078,2000
2486,2048,2961,2000
2509,2048,3009,2000
2475,2048,2937,2000
2433,2048,2849,2000
2407,2048,2795,2000
2412,2048,2805,2000
2386,2048,2752,2000
2383,2048,2746,2000
2368,2048,2715,2000
2340,2048,2656,2000
2318,2048,2610,2000
2319,2048,2613,2000
2293,2048,2559,2000
2283,2048,2538,2000
2268,2048,2506,2000
2211,2048,2389,2000
2240,2048,2449,2000
2240,2048,2449,2000
2185,2048,2333,2000
2189,2048,2342,2000
2129,2048,2216,2000
2142,2048,2244,2000
2126,2048,2210,2000
2090,2048,2136,2000
2079,2048,2113,2000
2055,2048,2063,2000
2069,2048,2091,2000
2103,2048,2162,2000
2052,2048,2057,2000
1991,2048,1928,2000
1995,2048,1937,2000
1998,2048,1943,2000
1957,2048,1858,2000
1940,2048,1822,2000
1902,2048,1743,2000
1927,2048,1795,2000
1883,2048,1703,2000
1873,2048,1684,2000
1880,2048,1697,2000
1863,2048,1662,2000
1836,2048,1607,2000
1788,2048,1507,2000
1833,2048,1600,2000
1774,2048,1477,2000
1747,2048,1420,2000
1754,2048,1436,2000
1694,2048,1311,2000
1669,2048,1258,2000
1690,2048,1302,2000
1687,2048,1296,2000
1633,2048,1183,2000
1598,2048,1110,2000
1613,2048,1141,2000
1591,2048,1095,2000
1579,2048,1072,2000
1557,2048,1025,2000
1568,2048,1047,2000
1553,2048,1017,2000
1518,2048,943,2000
1506,2048,918,2000
1490,2048,886,2000
1496,2048,899,2000
1448,2048,797,2000
1451,2048,804,2000
1427,2048,754,2000
1402,2048,702,2000
1366,2048,627,2000
1376,2048,647,2000
1369,2048,634,2000
1327,2048,546,2000
1383,2048,663,2000
1355,2048,605,2000
1361,2048,618,2000
1351,2048,597,2000
1399,2048,696,2000
1347,2048,588,2000
1375,2048,647,2000
1426,2048,753,2000
1384,2048,665,2000
1400,2048,699,2000
1394,2048,686,2000
1401,2048,700,2000
1407,2048,713,2000
1410,2048,720,2000
1420,2048,739,2000
1397,2048,692,2000
1426,2048,753,2000
1397,2048,692,2000
1416,2048,732,2000
1453,2048,808,2000
1416,2048,730,2000
1408,2048,715,2000
1428,2048,755,2000
1428,2048,756,2000
1426,2048,752,2000
1414,2048,728,2000
1417,2048,734,2000
1447,2048,797,2000
1422,2048,743,2000
1417,2048,733,2000
1431,2048,762,2000
1461,2048,826,2000
1455,2048,812,2000
1479,2048,862,2000
1479,2048,863,2000
1442,2048,785,2000
1475,2048,854,2000
1450,2048,803,2000
1469,2048,841,2000
1476,2048,856,2000
1473,2048,850,2000
1484,2048,872,2000
1469,2048,842,2000
1467,2048,838,2000
1486,2048,876,2000
1462,2048,827,2000
1439,2048,779,2000
1446,2048,793,2000
1480,2048,865,2000
1468,2048,841,2000
1496,2048,898,2000
1477,2048,858,2000
1469,2048,843,2000
1487,2048,878,2000
1502,2048,911,2000
1480,2048,865,2000
1491,2048,889,2000
1513,2048,934,2000
1466,2048,834,2000
1483,2048,870,2000
1461,2048,826,2000
1484,2048,872,2000
1474,2048,853,2000
1480,2048,865,2000
1470,2048,844,2000
1504,2048,914,2000
1488,2048,882,2000
1494,2048,894,2000
1477,2048,857,2000
1452,2048,807,2000
1483,2048,871,2000
1491,2048,887,2000
1491,2048,887,2000
1504,2048,915,2000
1473,2048,851,2000
1504,2048,914,2000
1496,2048,898,2000
1487,2048,878,2000
1460,2048,823,2000
1488,2048,882,2000
1502,2048,910,2000
1474,2048,851,2000
1500,2048,906,2000
1500,2048,906,2000
1492,2048,890,2000
1475,2048,855,2000
1463,2048,829,2000
1485,2048,875,2000
1474,2048,852,2000
1473,2048,851,2000
1460,2048,822,2000
1483,2048,871,2000
1472,2048,848,2000
1470,2048,844,2000
1512,2048,932,2000
1472,2048,848,2000
1463,2048,829,2000
1446,2048,795,2000
1497,2048,899,2000
1461,2048,825,2000
1493,2048,892,2000
1458,2048,819,2000
1467,2048,837,2000
1460,2048,824,2000
1456,2048,815,2000
1480,2048,866,2000
1473,2048,850,2000
1443,2048,789,2000
1440,2048,781,2000
1445,2048,792,2000
1485,2048,876,2000
1471,2048,846,2000
1506,2048,919,2000
1522,2048,952,2000
1534,2048,978,2000
1553,2048,1016,2000
1555,2048,1022,2000
1574,2048,1061,2000
1591,2048,1095,2000
1645,2048,1208,2000
1630,2048,1177,2000
1655,2048,1229,2000
1661,2048,1241,2000
1705,2048,1333,2000
1716,2048,1356,2000
1714,2048,1353,2000
1715,2048,1353,2000
1770,2048,1469,2000
1774,2048,1476,2000
1770,2048,1468,2000
1805,2048,1541,2000
1797,2048,1525,2000
1871,2048,1680,2000
1871,2048,1679,2000
1916,2048,1773,2000
1918,2048,1777,2000
1875,2048,1687,2000
1904,2048,1748,2000
1954,2048,1851,2000
1951,2048,1846,2000
1974,2048,1895,2000
1970,2048,1886,2000
1995,2048,1937,2000
2009,2048,1966,2000
2054,2048,2060,2000
2069,2048,2091,2000
2076,2048,2107,2000
2103,2048,2162,2000
2102,2048,2161,2000
2151,2048,2262,2000
2145,2048,2251,2000
2165,2048,2292,2000
2174,2048,2311,2000
2204,2048,2374,2000
2223,2048,2412,2000
2241,2048,2451,2000
2250,2048,2470,2000
2233,2048,2433,2000
2290,2048,2553,2000
2283,2048,2538,2000
2303,2048,2580,2000
2327,2048,2629,2000
2347,2048,2672,2000
2353,2048,2683,2000
2386,2048,2752,2000
2404,2048,2789,2000
2437,2048,2859,2000
2432,2048,2847,2000
2419,2048,2821,2000
2468,2048,2923,2000
2501,2048,2991,2000
2504,2048,2998,2000
2538,2048,3068,2000
2518,2048,3026,2000
2549,2048,3092,2000
2568,2048,3132,2000
2609,2048,3216,2000
2590,2048,3178,2000
2630,2048,3261,2000
2635,2048,3272,2000
2636,2048,3273,2000
2675,2048,3355,2000
2714,2048,3436,2000
2704,2048,3414,2000
2709,2048,3424,2000
2720,2048,3447,2000
2729,2048,3467,2000
2736,2048,3481,2000
2765,2048,3542,2000
2713,2048,3434,2000
2694,2048,3393,2000
2697,2048,3399,2000
2721,2048,3450,2000
2716,2048,3439,2000
2713,2048,3433,2000
2707,2048,3420,2000
2699,2048,3404,2000
2673,2048,3351,2000
2684,2048,3374,2000
2677,2048,3358,2000
2697,2048,3399,2000
2715,2048,3439,2000
2693,2048,3391,2000
2701,2048,3407,2000
2710,2048,3427,2000
2713,2048,3433,2000
2657,2048,3316,2000
2642,2048,3285,2000
2671,2048,3346,2000
2675,2048,3355,2000
2665,2048,3333,2000
2677,2048,3359,2000
2669,2048,3343,2000
2664,2048,3331,2000
2672,2048,3347,2000
2657,2048,3317,2000
2668,2048,3340,2000
2649,2048,3301,2000
2625,2048,3251,2000
2639,2048,3279,2000
2643,2048,3287,2000
2641,2048,3283,2000
2660,2048,3323,2000
2637,2048,3275,2000
2623,2048,3246,2000
2636,2048,3273,2000
2638,2048,3276,2000
2623,2048,3245,2000
2635,2048,3271,2000
2641,2048,3284,2000
2619,2048,3239,2000
2640,2048,3282,2000
2635,2048,3270,2000
2661,2048,3325,2000
2608,2048,3215,2000
2623,2048,3246,2000
2629,2048,3259,2000
2636,2048,3273,2000
2593,2048,3183,2000
2628,2048,3256,2000
2617,2048,3234,2000
2652,2048,3306,2000
2593,2048,3184,2000
2607,2048,3213,2000
2615,2048,3230,2000
2628,2048,3257,2000
2599,2048,3196,2000
2619,2048,3238,2000
2610,2048,3218,2000
2602,2048,3203,2000
2623,2048,3245,2000
2618,2048,3235,2000
2574,2048,3144,2000
2604,2048,3207,2000
2600,2048,3198,2000
2605,2048,3208,2000
2621,2048,3242,2000
2616,2048,3232,2000
2626,2048,3251,2000
2598,2048,3193,2000
2621,2048,3241,2000
2648,2048,3297,2000
2633,2048,3267,2000
2642,2048,3286,2000
2572,2048,3139,2000
2611,2048,3222,2000
2598,2048,3194,2000
2617,2048,3234,2000
2617,2048,3234,2000
2574,2048,3143,2000
2628,2048,3257,2000
2626,2048,3252,2000
2622,2048,3244,2000
2611,2048,3220,2000
2607,2048,3212,2000
2585,2048,3167,2000
2594,2048,3186,2000
2613,2048,3226,2000
2649,2048,3300,2000
2624,2048,3249,2000
2602,2048,3202,2000
2612,2048,3223,2000
2608,2048,3215,2000
2631,2048,3262,2000
2637,2048,3276,2000
2623,2048,3246,2000
2608,2048,3214,2000
2598,2048,3194,2000
2648,2048,3299,2000
2634,2048,3269,2000
2658,2048,3319,2000
2648,2048,3298,2000
2605,2048,3208,2000
2619,2048,3237,2000
2615,2048,3230,2000
2637,2048,3274,2000
2635,2048,3271,2000
2647,2048,3297,2000
2604,2048,3207,2000
2585,2048,3167,2000
2589,2048,3176,2000
2543,2048,3079,2000
2576,2048,3148,2000
2517,2048,3025,2000
2510,2048,3011,2000
2490,2048,2969,2000
2494,2048,2978,2000
2455,2048,2895,2000
2441,2048,2868,2000
2421,2048,2826,2000
2435,2048,2854,2000
2408,2048,2799,2000
2400,2048,2781,2000
2373,2048,2725,2000
2337,2048,2651,2000
2297,2048,2567,2000
2282,2048,2535,2000
2300,2048,2573,2000
2275,2048,2521,2000
2246,2048,2461,2000
2258,2048,2486,2000
2227,2048,2421,2000
2186,2048,2336,2000
2192,2048,2348,2000
2198,2048,2360,2000
2149,2048,2259,2000
2150,2048,2260,2000
2122,2048,2203,2000
2105,2048,2167,2000
2067,2048,2087,2000
2073,2048,2099,2000
2035,2048,2022,2000
2036,2048,2023,2000
2029,2048,2009,2000
1995,2048,1938,2000
1971,2048,1887,2000
1973,2048,1892,2000
1948,2048,1841,2000
1959,2048,1863,2000
1931,2048,1804,2000
1909,2048,1758,2000
1919,2048,1779,2000
1899,2048,1738,2000
1845,2048,1624,2000
1842,2048,1618,2000
1827,2048,1588,2000
1803,2048,1537,2000
1787,2048,1505,2000
1767,2048,1462,2000
1757,2048,1442,2000
1714,2048,1352,2000
1714,2048,1353,2000
1680,2048,1282,2000
1663,2048,1245,2000
1663,2048,1246,2000
1657,2048,1233,2000
1663,2048,1247,2000
1629,2048,1174,2000
1610,2048,1136,2000
1599,2048,1113,2000
1580,2048,1073,2000
1558,2048,1026,2000
1540,2048,990,2000
1536,2048,982,2000
1497,2048,900,2000
1488,2048,881,2000
1481,2048,867,2000
1452,2048,807,2000
1431,2048,762,2000
1429,2048,758,2000
1385,2048,667,2000
1412,2048,722,2000
1401,2048,700,2000
1369,2048,634,2000
1365,2048,624,2000
1370,2048,635,2000
1377,2048,651,2000
1382,2048,660,2000
1370,2048,634,2000
1375,2048,647,2000
1372,2048,639,2000
1403,2048,703,2000
1385,2048,666,2000
1404,2048,707,2000
1395,2048,688,2000
1380,2048,656,2000
1388,2048,673,2000
1373,2048,642,2000
1390,2048,677,2000
1416,2048,732,2000
1400,2048,698,2000
1400,2048,698,2000
1397,2048,693,2000
1437,2048,776,2000
1411,2048,721,2000
1414,2048,728,2000
1434,2048,769,2000
1433,2048,767,2000
1416,2048,731,2000
1437,2048,775,2000
1440,2048,782,2000
1434,2048,769,2000
1444,2048,790,2000
1455,2048,813,2000
1472,2048,848,2000
1420,2048,740,2000
1456,2048,815,2000
1462,2048,828,2000
1443,2048,787,2000
1451,2048,804,2000
1468,2048,840,2000
1474,2048,852,2000
1444,2048,789,2000
1497,2048,900,2000
1435,2048,771,2000
1471,2048,845,2000
1475,2048,855,2000
1473,2048,851,2000
1468,2048,840,2000
1482,2048,869,2000
1477,2048,858,2000
1434,2048,768,2000
1472,2048,849,2000
1476,2048,857,2000
1503,2048,913,2000
1478,2048,860,2000
1497,2048,900,2000
1453,2048,808,2000
1475,2048,854,2000
1479,2048,863,2000
1468,2048,840,2000
1471,2048,847,2000
1445,2048,791,2000
1464,2048,831,2000
1503,2048,913,2000
1489,2048,884,2000
1481,2048,867,2000
1496,2048,898,2000
1471,2048,846,2000
1457,2048,817,2000
1488,2048,882,2000
1450,2048,803,2000
1489,2048,884,2000
1463,2048,830,2000
1500,2048,907,2000
1493,2048,891,2000
1482,2048,869,2000
1490,2048,886,2000
1465,2048,834,2000
1470,2048,844,2000
1461,2048,825,2000
1481,2048,868,2000
1501,2048,909,2000
1490,2048,887,2000
1492,2048,889,2000
1516,2048,940,2000
1490,2048,886,2000
1478,2048,860,2000
1490,2048,884,2000
1482,2048,869,2000
1498,2048,903,2000
1478,2048,861,2000
1482,2048,869,2000
1460,2048,823,2000
1484,2048,872,2000
1445,2048,791,2000
1468,2048,840,2000
1478,2048,860,2000
1479,2048,863,2000
1460,2048,824,2000
1507,2048,920,2000
1473,2048,850,2000
1458,2048,819,2000
1484,2048,874,2000
1477,2048,859,2000
1478,2048,861,2000
1456,2048,814,2000
1492,2048,890,2000
1474,2048,852,2000
1473,2048,851,2000
1455,2048,812,2000
1492,2048,890,2000
1475,2048,854,2000
1462,2048,827,2000
1425,2048,750,2000
1485,2048,875,2000
1487,2048,879,2000
1516,2048,940,2000
1510,2048,927,2000
1504,2048,914,2000
1580,2048,1072,2000
1573,2048,1059,2000
1584,2048,1081,2000
1604,2048,1124,2000
1645,2048,1208,2000
1604,2048,1123,2000
1659,2048,1238,2000
1656,2048,1232,2000
1709,2048,1341,2000
1710,2048,1345,2000
1724,2048,1374,2000
1747,2048,1420,2000
1751,2048,1429,2000
1788,2048,1507,2000
1795,2048,1520,2000
1826,2048,1585,2000
1833,2048,1600,2000
1818,2048,1568,2000
1869,2048,1674,2000
1887,2048,1712,2000
1911,2048,1762,2000
1906,2048,1751,2000
1934,2048,1811,2000
1948,2048,1839,2000
1952,2048,1848,2000
1947,2048,1838,2000
2015,2048,1979,2000
2038,2048,2028,2000
2035,2048,2021,2000
2048,2048,2048,2000
2086,2048,2128,2000
2098,2048,2153,2000
2090,2048,2136,2000
2118,2048,2194,2000
2144,2048,2248,2000
2147,2048,2255,2000
2154,2048,2269,2000
2174,2048,2311,2000
2199,2048,2362,2000
2227,2048,2420,2000
2223,2048,2413,2000
2230,2048,2426,2000
2247,2048,2462,2000
2265,2048,2500,2000
2320,2048,2614,2000
2303,2048,2580,2000
2351,2048,2680,2000
2336,2048,2648,2000
2365,2048,2709,2000
2390,2048,2760,2000
2365,2048,2707,2000
2409,2048,2799,2000
2425,2048,2834,2000
2435,2048,2855,2000
2471,2048,2928,2000
2490,2048,2970,2000
2502,2048,2993,2000
2509,2048,3008,2000
2513,2048,3017,2000
2537,2048,3067,2000
2579,2048,3154,2000
2582,2048,3161,2000
2614,2048,3226,2000
2630,2048,3260,2000
2644,2048,3289,2000
2633,2048,3267,2000
2676,2048,3357,2000
2646,2048,3294,2000
2726,2048,3460,2000
2701,2048,3408,2000
2734,2048,3478,2000
2733,2048,3476,2000
2723,2048,3454,2000
2690,2048,3385,2000
2735,2048,3479,2000
2740,2048,3489,2000
2721,2048,3450,2000
2687,2048,3379,2000
2724,2048,3456,2000
2712,2048,3432,2000
2704,2048,3415,2000
2699,2048,3404,2000
2685,2048,3375,2000
2671,2048,3345,2000
2699,2048,3403,2000
2667,2048,3337,2000
2713,2048,3434,2000
2671,2048,3345,2000
2692,2048,3390,2000
2676,2048,3356,2000
2689,2048,3384,2000
2667,2048,3338,2000
2668,2048,3340,2000
2651,2048,3305,2000
2633,2048,3266,2000
2631,2048,3263,2000
2644,2048,3290,2000
2669,2048,3342,2000
2659,2048,3321,2000
2648,2048,3298,2000
